0.067113
0.105632
0.114398
0.076509
0.048348
0.066692
0.148313
0.098217
0.174764
0.061832
0.205475
0.096731
0.149721
0.067214
0.115863
0.055272
0.069301
0.245370
0.198055
0.099792
0.075981
0.114683
0.101100
0.033239
0.116885
0.168558
0.071047
0.065084
0.067607
0.093538
0.113773
0.104124
0.115472
0.130580
0.026367
0.121652
0.041388
0.151733
0.035728
0.033933
0.105264
0.211712
0.169162
0.193187
0.129711
0.124261
0.162074
0.079475
0.083800
0.106947
0.132548
0.098351
0.118448
0.051748
0.136709
0.098746
0.029792
0.011116
0.060786
0.070487
0.034422
0.096708
0.108561
0.142341
0.073320
0.093239
0.136062
0.056921
0.006835
0.048541
0.031322
0.118797
0.156562
0.095690
0.051608
0.239029
0.076289
0.103549
0.061939
0.062105
0.103814
0.043588
0.130817
0.084670
0.055231
0.068100
0.054959
0.089458
0.071934
0.068681
0.160625
0.100471
0.084022
0.043082
0.089909
0.120931
0.149897
0.058078
0.192333
0.085537
0.085034
