-43.127094
-45.597981
-45.517401
-43.391566
-44.653556
-49.982919
-42.778826
-43.385803
-36.145116
-48.471126
-59.523924
-46.309630
-39.491164
-46.985260
-51.580292
-40.612347
-44.202470
-53.385064
-39.462449
-59.332394
-41.464750
-43.512994
-52.549594
-43.705188
-43.196768
-37.168131
-40.339802
-41.888211
-43.607698
-47.693787
-38.238771
-45.700914
-42.738882
-42.213912
-46.588375
-41.770294
-45.084134
-50.333848
-45.925469
-44.729988
-48.941324
-43.100020
-40.043678
-41.538520
-41.210952
-48.122539
-43.424725
-53.166691
-44.683588
-46.537165
-52.255415
-42.945489
-33.969239
-45.240391
-45.614697
-53.868587
-41.102298
-42.456876
-43.426942
-43.949598
-36.200723
-59.663782
-48.168596
-54.240350
-46.306818
-53.537452
-49.411085
-39.475354
-39.906519
-44.935839
-44.372563
-41.942788
-45.759174
-48.348307
-45.129405
-43.502819
-49.198936
-39.940835
-40.552142
-40.927048
-45.114213
-51.440554
-41.922442
-61.731566
-41.756673
-47.773080
-56.981366
-44.473349
-42.227266
-44.352612
-43.389789
-38.898301
-40.909242
-51.872625
-46.931726
-47.795313
-56.687692
-38.846294
-53.011801
-46.285408
-47.902264
-40.577864
-46.176403
-46.552348
-42.078935
-43.020402
-37.693180
-41.518504
-38.267022
-46.823318
-41.030566
-44.832628
-45.010291
-39.548283
-49.365334
-47.173193
-45.372909
-53.278948
-45.384073
-39.517579
-38.810064
-41.578722
-41.774549
-44.887778
-37.453199
-46.460170
-50.953943
-42.846847
-54.328115
-45.861355
-48.956537
-44.065075
-47.812245
-63.995984
-53.707070
-42.488713
-37.612277
-43.359640
-40.659741
-37.372165
-44.480788
-38.960903
-50.646215
-44.308711
-44.898512
-43.635733
-47.221000
-42.760547
-50.379451
-57.780445
-37.884542
-43.033722
-35.917600
-41.565101
-45.175544
-44.073307
-43.619386
-42.292857
-44.131155
-53.758484
-47.144649
-48.103646
-39.859809
-45.429114
-48.118927
-48.747767
-36.225375
-37.240599
-40.464117
-36.139685
-43.160364
-54.420824
-42.930496
-34.106935
-46.819222
-47.754541
-49.890345
-41.177763
-39.984962
-44.465199
-46.164420
-39.988192
-45.210011
-48.855572
-41.692296
-44.781371
-39.088161
-41.075394
-39.527408
-47.773446
-51.166482
-36.791954
-34.753126
-56.499672
-41.935137
-44.885580
-44.471359
-37.480430
-43.677341
-39.241043
-44.560402
-43.756521
-47.120037
-42.731154
-44.892488
-45.004859
-44.381557
-45.905012
-45.347662
-66.137138
-47.692885
-48.411716
-39.860200
-47.491603
-53.365205
-40.137192
-41.186908
-49.722087
-42.707822
-49.079036
-45.973516
-52.131661
-40.922871
-47.391871
-40.290416
-52.298380
-47.502128
-61.120742
-43.869470
-50.743546
-42.794858
-43.803607
-50.156259
-39.845997
-45.904322
-37.301201
-49.045369
-41.247528
-42.405973
-42.297384
-36.201821
-44.310421
-38.693682
-41.118549
-44.354289
-44.707870
-38.269101
-58.563863
-49.322646
-43.357866
-51.260054
-45.800371
-44.518192
-45.815911
-46.072058
-44.888542
-40.914609
-51.748508
-40.886684
-47.726319
-49.269299
-39.396238
-51.147694
-45.871412
-44.426353
-41.450413
-49.295188
-43.785997
-38.903948
-45.076430
-47.054795
-44.239434
-45.170869
-54.885937
-43.676637
-42.659124
-38.892245
-45.126279
-45.757980
-43.156874
-42.311806
-50.015807
-50.938512
-46.472682
-51.034406
-45.461978
-38.878906
-55.907623
-46.006847
-39.073212
-45.649949
-42.092903
-41.303840
-36.719083
-42.261961
-45.624392
-41.296446
-42.558397
-42.897449
-42.414516
-41.572727
-57.043218
-39.757399
-48.117184
-41.776227
-44.927962
-44.357069
-44.268714
-49.175207
-61.148796
-38.023346
-52.543087
-52.931769
-37.878992
-38.908339
-46.914833
-47.852299
-53.378665
-49.373504
-45.048804
-49.177064
-47.806600
-46.265789
-38.694410
-38.684397
-45.450535
-48.739322
-50.362380
-43.051573
-49.807248
-41.869153
-38.736793
-43.984931
-54.181962
-44.351874
-42.935229
-41.869974
-44.761742
-41.332673
-44.256837
-58.932374
-48.694518
-43.299608
-43.460773
-55.152094
-52.331778
-40.592145
-50.641917
-55.447157
-35.127716
-39.316588
-48.478269
-40.958348
-46.272615
-43.300309
-51.282894
-34.807199
-43.794401
-38.059301
-53.283350
-41.650641
-44.456612
-42.995922
-40.846195
-37.729762
-42.561597
-40.349846
-43.508918
-39.275145
-45.627088
-43.071302
-44.876416
-40.216900
-42.728555
-46.181852
-42.424951
-46.049381
-49.292206
-38.330718
-52.812231
-42.177826
-37.275521
-49.039641
-40.171023
-51.945311
-43.212037
-50.506360
-43.614212
-39.161884
-40.183833
-53.865698
-36.386880
-46.626527
-42.984725
-40.364584
-39.879080
-45.237271
-54.803042
-49.866396
-45.577279
-54.680797
-41.673920
-43.952903
-48.028922
-38.429302
-48.239719
-38.621698
-47.312709
-46.374326
-39.398791
-40.618424
-38.372079
-44.554475
-39.393205
-40.771521
-46.579194
-42.578725
-44.056160
-41.492011
-51.552729
-55.801593
-41.029202
-44.527709
-41.223146
-42.309097
-39.936858
-40.429760
-42.286135
-39.882831
-41.586563
-50.733163
-45.577394
-44.028185
-43.247884
-43.020648
-43.502225
-46.109586
-45.336868
-45.510336
-42.447043
-42.496698
-51.519728
-47.502934
-42.684006
-38.271561
-38.505713
-44.318124
-50.297192
-44.132785
-41.135001
-53.231770
-43.376362
-43.244394
-47.712640
-54.031466
-38.558823
-47.372773
-45.304672
-44.975804
-43.783539
-52.425451
-39.341676
-41.156950
-45.526927
-46.919030
-57.456111
-44.777656
-41.704996
-41.477906
-40.603703
-40.019313
-40.898309
-40.510736
-52.122675
-44.119778
-53.119942
-47.785087
-49.317588
-51.245746
-44.921905
-48.588363
-39.043756
-44.297507
-43.051581
-45.867351
-46.681534
-51.877887
-52.442792
-57.534429
-38.647667
-48.815965
-43.621506
-40.535024
-48.376887
-49.762352
-40.783058
-42.255347
-48.823340
-42.555816
-45.734735
-47.930640
-42.532848
-40.388712
-44.457508
-41.568866
-41.252190
-42.375673
-48.475500
-45.362552
-50.559653
-42.494081
-37.760955
-41.347163
-40.045243
-41.577886
-38.717815
-46.717134
-39.512093
-37.581730
-40.049015
-43.574775
-45.481546
-39.080834
-43.840848
-53.886913
-43.555796
-42.239169
-51.608339
-49.439513
-43.491904
-51.082853
-58.103825
-44.406248
-48.785836
-45.395081
-41.567387
-46.358005
-53.832853
-41.956575
-43.229472
-37.089127
-50.002386
-38.168218
-42.813177
-53.878777
-36.940285
-38.168979
-50.713180
-53.124908
-44.927166
-49.564034
-40.017581
-42.330594
-48.764130
-37.088955
-45.873485
-43.745782
-44.231465
-40.075664
-43.787567
-42.172845
-44.892560
-39.850620
-41.430765
-38.071566
-55.562652
-42.777553
-42.422352
-44.842874
-41.009355
-40.235752
-39.656793
-50.148277
-48.741748
-39.479033
-39.273196
-39.018494
-41.055328
-48.447702
-37.361284
-44.746296
-42.860959
-38.873845
-45.308880
-49.694275
-44.491636
-46.268416
-41.561218
-44.881224
-39.831135
-49.029914
-44.316142
-42.101954
-62.214275
-45.750372
-41.925798
-43.526165
-43.513168
-55.642293
-45.855248
-42.744364
-48.285536
-46.361070
-42.897870
-41.389553
-49.854622
-45.075950
-46.161537
-43.186124
-42.105734
-42.411226
-40.176952
-36.509125
-42.025444
-53.503387
-48.829424
-45.605321
-40.916148
-53.939619
-40.473324
-36.771504
-66.720268
-49.752210
-48.779641
-42.763522
-38.283045
-46.956680
-51.086538
-47.232512
-49.842850
-47.406058
-44.437428
-46.205255
-68.342992
-43.642215
-48.333692
-42.504726
-46.519537
-57.740798
-44.860267
-44.181854
-47.442451
-57.502553
-40.400450
-51.889845
-40.763640
-46.872334
-43.108339
-39.453849
-47.286146
-39.567748
-41.739483
-52.582718
-45.551475
-46.767347
-48.061831
-45.115408
-43.915473
-40.296785
-39.434336
-56.885692
-37.799777
-49.382256
-43.609924
-43.479422
-43.342840
-54.300464
-41.669488
-46.593113
-41.487279
-42.041545
-50.688769
-40.358085
-44.558996
-44.933537
-39.658951
-41.779317
-47.005645
-44.369906
-46.503289
-37.915002
-50.183505
-40.833339
-37.690231
-37.196801
-41.018550
-43.313191
-38.882909
-53.360621
-40.672990
-43.350755
-46.522023
-42.141709
-41.940038
-42.168004
-40.962701
-50.308112
-50.780628
-38.080878
-45.708686
-41.349492
-44.589728
-38.993683
-49.801345
-50.014754
-38.504298
-53.468185
-44.883423
-41.249561
-40.501616
-46.994105
-57.840947
-41.409071
-49.009382
-40.761450
-41.571884
-44.988188
-54.116688
-45.154884
-39.662339
-46.268926
-44.174090
-44.991457
-41.763175
-48.706913
-49.332866
-40.958175
-56.131488
-37.438175
-49.428039
-43.794670
-45.599277
-40.652735
-41.646948
-40.575674
-56.792136
-45.462359
-40.141435
-42.346357
-44.643821
-45.526720
-54.191471
-40.813126
-41.359130
-45.069762
-39.299698
-40.645985
-41.076905
-36.926657
-39.670965
-42.557495
-40.912839
-44.828996
-47.635161
-43.709355
-46.564477
-42.551905
-55.813848
-51.756023
-37.561268
-45.241059
-53.455989
-39.796971
-44.742835
-48.061098
-56.790392
-55.099989
-43.571488
-51.159010
-36.146329
-44.096370
-38.909146
-54.816012
-41.713014
-35.266838
-42.749796
-50.385110
-56.175863
-47.721191
-46.215404
-44.792111
-40.695515
-43.990155
-46.144384
-45.275905
-42.837952
-38.686654
-41.559710
-51.387921
-58.653891
-43.455239
-44.333024
-43.564948
-42.317474
-47.269850
-43.719594
-48.111340
-40.015674
-49.805840
-42.479703
-53.691095
-42.525798
-43.686357
-47.081623
-52.417060
-39.683558
-43.931464
-47.714741
-53.460405
-43.701091
-43.823477
-48.590132
-39.029908
-47.865399
-41.969309
-51.076478
-41.041573
-38.138020
-39.735163
-44.263284
-48.474032
-51.331920
-44.767277
-35.165675
-37.870869
-37.331680
-35.598979
-47.114488
-56.064949
-39.332592
-44.141044
-49.547611
-40.054037
-46.466832
-52.071523
-54.402041
-42.278303
-60.502028
-40.295108
-43.080350
-43.081531
-60.939146
-41.921933
-44.574167
-41.017769
-43.965239
-41.607941
-47.971629
-45.410748
-42.236415
-48.734470
-34.977562
-43.574957
-49.087945
-56.415923
-52.444475
-52.234612
-43.302621
-51.965659
-49.866810
-57.190962
-46.265216
-42.697290
-43.546978
-40.124572
-41.949494
-42.265186
-46.412322
-47.499079
-42.765098
-38.059075
-42.407541
-47.996642
-49.507112
-48.060342
-44.830118
-45.382024
-38.334201
-44.597015
-37.191691
-45.619160
-51.118163
-40.237703
-57.857782
-38.471648
-42.031263
-41.755333
-44.770466
-45.672530
-48.338788
-43.102686
-43.464883
-53.467323
-44.946947
-55.839567
-46.097481
-50.884841
-49.168221
-52.403299
-54.236061
-51.153263
-42.836132
-36.795075
-54.266858
-41.069848
-47.522051
-42.760520
-39.505233
-46.885545
-40.500269
-51.566110
-67.474683
-42.557165
-51.498933
-51.933580
-42.332248
-42.200893
-46.036525
-38.124623
-59.505103
-44.813346
-40.626984
-42.733580
-38.820789
-49.927329
-49.631147
-38.492224
-39.103857
-53.987044
-51.561794
-42.630971
-40.136220
-44.325788
-43.372347
-44.700323
-46.706581
-55.560083
-42.151006
-49.307254
-50.009924
-43.914214
-43.996826
-64.181610
-40.825641
-44.836339
-45.245811
-48.018476
-45.821347
-42.984380
-42.229575
-39.890284
-41.963135
-45.782807
-54.131946
-58.502908
-39.282042
-40.077207
-41.887588
-50.616443
-34.217334
-45.824200
-49.020279
-43.414921
-46.403399
-47.395896
-47.622150
-41.912336
-45.744500
-44.907017
-41.497969
-54.598323
-48.289887
-52.303250
-42.377213
-44.024157
-39.713650
-43.913243
-41.405610
-40.035772
-48.407599
-35.365936
-47.645216
-39.229722
-39.657329
-37.672127
-49.270914
-39.357570
-41.597539
-48.043550
-44.868779
-42.690202
-53.712322
-41.993500
-35.750951
-42.121749
-40.793702
-69.984258
-45.791398
-48.561486
-41.267028
-41.211331
-49.874620
-49.025575
-40.958184
-39.361977
-52.070260
-44.825593
-40.387404
-39.850180
-41.049719
-43.347279
-39.795314
-40.769184
-41.726882
-38.146277
-45.391563
-41.098548
-50.480699
-42.554110
-43.105787
-36.178551
-43.270860
-42.767029
-48.198719
-43.615869
-48.412333
-46.858525
-40.239721
-40.260106
-41.763097
-40.050672
-48.168001
-42.633881
-42.847316
-42.166488
-44.708667
-48.990050
-61.645511
-39.702536
-50.737340
-40.316683
-54.771205
-40.217240
-36.796588
-38.093649
-51.690358
-45.103311
-53.704285
-47.700095
-39.021059
-46.188573
-50.837718
-42.284047
-41.589181
-46.867602
-41.916398
-43.877977
-41.093324
-42.230000
-44.725329
-43.748527
-41.420960
-46.718375
-40.426268
-39.601002
-50.556582
-48.334575
-59.548463
-41.158982
-41.547385
-38.063428
-42.841176
-46.775742
-56.048266
-37.146407
-41.836058
-43.290594
-36.687958
-45.497844
-40.263474
-50.646296
-45.664373
-43.097312
-36.249388
-52.599283
-42.831000
-46.704860
-38.993765
-49.534223
-46.528743
-44.746882
-39.214870
-56.734845
-39.478954
-43.293772
-44.160105
-43.986941
-45.726945
-45.282760
-52.593536
-43.213564
-54.788569
-51.183865
-38.403004
-52.220964
-44.240318
-49.099553
-42.872149
-52.385232
-46.112608
-46.646702
-43.474528
-38.307241
-42.426702
-52.736242
-45.246891
-50.162431
-46.489786
-44.551155
-44.221415
-43.378092
-41.771270
-53.145872
-55.860673
-41.012303
-39.642345
-41.599083
-45.394883
-43.289457
-47.239060
-39.367498
-39.634944
-44.934741
-54.926296
-41.676766
-47.799211
-41.218178
-42.573417
-40.776161
-45.385518
-40.893636
-44.911404
-43.759477
-43.490245
-45.236599
-49.136790
-38.010512
-44.177938
-43.850013
-44.785767
-36.390354
-48.503799
-40.931302
-54.482956
-54.130401
-55.339260
-46.927146
-45.709707
-45.835930
-52.622698
-47.841139
-48.162034
-36.434237
-44.743562
-43.985279
-42.765710
-49.740648
-39.363507
-37.055027
-52.389733
-56.312911
-44.982364
-45.411088
-48.208040
-45.061166
-40.009978
-46.376573
-46.981606
-43.856556
-46.486159
-42.197980
-38.876994
-45.562554
-45.969180
-47.293853
-39.382179
-47.046446
-40.812741
-49.317136
-49.224060
-48.014566
-42.595413
-36.855790
-42.982374
-44.416615
-38.838583
-42.946961
-50.364522
-44.778094
-46.655613
-38.747541
-49.599161
-37.669896
-49.780573
-48.547732
-56.062226
-43.900454
-36.835554
-38.698848
-39.447712
-36.012021
-40.441642
-40.248098
-41.911292
-61.195293
-41.260934
-44.684281
-39.988513
-43.529292
-54.208726
-40.411112
-41.435713
-43.022477
-54.507641
-40.591402
-46.443622
-45.223119
-38.653053
-41.808076
-46.110951
-66.345159
-44.920041
-50.197983
-50.474084
-43.134298
-41.891158
-49.631257
-45.135237
-37.438787
-44.299157
-53.375289
-46.827361
-48.747347
-37.397256
-55.739408
-36.157447
-34.007836
-42.162665
-45.625817
-42.487000
-44.959975
-37.495002
-38.485543
-53.807594
-42.812396
-46.239906
