-4.740410
-4.391617
-8.148120
-5.507983
-5.544850
-2.797572
-3.460158
-8.163756
-4.375662
-3.763463
-17.625509
-6.934925
-6.131860
-8.164141
-15.788358
-7.715933
-8.331674
-6.716508
-4.541275
-4.862602
-13.627371
-4.415121
-8.487446
-4.471176
-15.275082
-16.770759
-8.003103
-11.014477
-15.421981
-7.208145
-7.184101
-10.091614
-8.891855
-8.081121
-8.996774
-9.658264
-5.936980
-10.980602
-3.369400
-16.935583
-6.990527
-5.777562
-7.944569
-18.301591
-13.781807
-6.744673
-5.358573
-5.234573
-8.433316
-6.804816
-6.637626
-3.488589
-5.682322
-6.685892
-14.726593
-11.410052
-9.159267
-12.100485
-4.683034
-9.017673
-6.828790
-4.023763
-8.392276
-9.435419
-4.281034
-10.069332
-5.848574
-7.156354
-17.692105
-7.843770
-4.576780
-3.986175
-5.702449
-6.100718
-10.320596
-7.602051
-25.364022
-8.555371
-7.641663
-10.720199
-10.203193
-7.888712
-10.751459
-12.321237
-6.469421
-8.860369
-5.794650
-4.683049
-6.419865
-7.988052
-9.119953
-5.407098
-5.493113
-7.845278
-8.684136
-5.440474
-7.672368
-9.322407
-7.146202
-14.296142
-5.466937
-8.451411
-7.276455
-8.288706
-21.993793
-4.887006
-3.900274
-6.570057
-9.911869
-7.240314
-7.120822
-12.261490
-14.935610
-9.498587
-6.825683
-12.289742
-12.996324
-5.357611
-14.485574
-12.344441
-5.963089
-3.350761
-4.633228
-11.005332
-11.440214
-11.735852
-3.349626
-7.583435
-6.333237
-8.762554
-7.115326
-7.241033
-4.419784
-19.240657
-5.953740
-5.614507
-16.353316
-13.546151
-6.547605
-4.828099
-6.143566
-17.980887
-17.687947
-13.977459
-15.153559
-4.079355
-8.920587
-9.283107
-12.295871
-11.517910
-12.341925
-7.226203
-9.772942
-7.920163
-7.508863
-9.363043
-5.701567
-9.510169
-12.492494
-7.473627
-11.613909
-10.817056
-6.526502
-6.687198
-10.889828
-17.556306
-5.444418
-6.950585
-30.131592
-5.042009
-3.334847
-7.276970
-14.935710
-10.273009
-3.448724
-9.439563
-3.657282
-4.508028
-5.545830
-17.805260
-3.564748
-9.144460
-5.441248
-14.173486
-5.820570
-13.254510
-7.442909
-5.769406
-5.333403
-21.840335
-7.416252
-7.115322
-7.004775
-6.349961
-12.689152
-2.605446
-5.853171
-6.955725
-15.180208
-6.291981
-11.007650
-13.993358
-11.575293
-8.279080
-15.923430
-10.718934
-4.974718
-5.449071
-11.914531
-14.334889
-5.077742
-23.826541
-13.056368
-11.523754
-15.250424
-16.706609
-7.378502
-10.400566
-4.981057
-13.920842
-3.324090
-12.027278
-5.494342
-6.528271
-10.780926
-6.478814
-8.158788
-6.933556
-6.193531
-9.003515
-4.255330
-13.450670
-5.971748
-9.361355
-6.784006
-9.886076
-14.300838
-11.492605
-11.656213
-4.007964
-6.359708
-7.111007
-5.701164
-11.814548
-8.598094
-10.814293
-7.287371
-11.807572
-4.666538
-7.461302
-13.602207
-10.606140
-9.021631
-13.793461
-3.946354
-3.244349
-4.942640
-8.992574
-6.396161
-3.730727
-4.952275
-9.676161
-6.803783
-12.971692
-12.999479
-5.744473
-4.236328
-7.130664
-8.100438
-5.714705
-11.809883
-4.579652
-11.485199
-11.027456
-7.948550
-4.627768
-8.839178
-12.086994
-6.330843
-14.488653
-4.749924
-5.095715
-5.387042
-9.201769
-7.070071
-9.279883
-7.081100
-17.884306
-4.614585
-8.387422
-8.493763
-3.573826
-11.432200
-16.870101
-7.002669
-9.266605
-18.022223
-7.219684
-8.370742
-5.960999
-7.215722
-9.153006
-3.992754
-5.404382
-5.155002
-20.827971
-11.457448
-15.480518
-3.836776
-10.636277
-6.005694
-7.022563
-8.206901
-19.517242
-8.347401
-7.884087
-5.850164
-9.117044
-11.093712
-13.828400
-5.225343
-11.553364
-8.641684
-5.184678
-10.112228
-3.830937
-5.498202
-15.330887
-5.797291
-7.086865
-12.487648
-7.100883
-1.671634
-4.209330
-8.206136
-4.342354
-4.784705
-13.015678
-5.507223
-7.633450
-13.062503
-7.247526
-4.690149
-7.997644
-4.314820
-6.911397
-6.239458
-9.930385
-13.798787
-6.095625
-16.720250
-9.394227
-10.624268
-10.514038
-7.359507
-40.160248
-4.791673
-5.353419
-11.153939
-4.779435
-6.265131
-7.656508
-5.925862
-5.060453
-7.329571
-8.552348
-5.507524
-7.710260
-6.378130
-9.587048
-11.104600
-4.974952
-9.012477
-6.923555
-11.016254
-6.897936
-7.582224
-9.438655
-10.725894
-8.920838
-13.569005
-12.094394
-5.100854
-3.722834
-21.325167
-8.587172
-6.773412
-7.070441
-3.656001
-2.897896
-5.820038
-8.131316
-4.404546
-8.575006
-6.886501
-5.025155
-8.204025
-7.485620
-5.236386
-5.283507
-5.311013
-5.571290
-6.095259
-9.077378
-4.743188
-9.204809
-5.519781
-3.368775
-6.251960
-11.075391
-17.632140
-6.741147
-9.958098
-10.242333
-7.618500
-10.049314
-2.938952
-24.592711
-3.067509
-9.697354
-13.530190
-7.885913
-6.854380
-8.760458
-12.714327
-5.722250
-6.521430
-3.014315
-4.866503
-6.796679
-3.128590
-7.905026
-18.497809
-16.269497
-12.422600
-1.814603
-13.310518
-8.303600
-8.166243
-7.434773
-8.344846
-5.759456
-5.543537
-6.938102
-10.578521
-9.381386
-5.267158
-15.516133
-8.263205
-8.943614
-6.915701
-11.043107
-6.982841
-7.271434
-11.338645
-3.679148
-13.767288
-12.425244
-18.713242
-8.229806
-7.097039
-12.500955
-5.501077
-8.591248
-9.238972
-6.938217
-11.810676
-3.510864
-15.528381
-10.043047
-16.268588
-9.232868
-11.952583
-9.007406
-16.604460
-11.701537
-14.242561
-10.309499
-6.844424
-12.671482
-4.106006
-11.983991
-4.651928
-2.644929
-13.320378
-12.539334
-6.909185
-8.765559
-16.398753
-17.184794
-5.977824
-6.989260
-7.128833
-8.479110
-11.393005
-6.101836
-15.889337
-5.899399
-9.139290
-8.573863
-7.998707
-4.493593
-5.545433
-12.073651
-6.100342
-4.968386
-6.090087
-10.016981
-12.081908
-12.865613
-6.658891
-16.108981
-5.297870
-5.605411
-5.834898
-9.856877
-9.478751
-8.620533
-4.469381
-5.297143
-4.596711
-12.315877
-5.524111
-4.691642
-6.951326
-8.815539
-8.121938
-8.730250
-5.654770
-15.072018
-12.796271
-8.707929
-6.194421
-2.488061
-13.747398
-6.318281
-8.879058
-2.939783
-6.160222
-13.824152
-9.720049
-3.329008
-25.593742
-11.200490
-2.714267
-7.334158
-5.856499
-6.084271
-6.298041
-5.551077
-12.097516
-6.246679
-10.794723
-8.307561
-3.832673
-9.822741
-10.236367
-5.054442
-9.845818
-8.859896
-10.931585
-4.979108
-6.506121
-5.654308
-3.352499
-5.988419
-3.434388
-7.128155
-9.972677
-6.657488
-6.574929
-5.200862
-2.432028
-4.460439
-7.222723
-6.928180
-7.092545
-9.262662
-4.984857
-3.443505
-7.875126
-4.984633
-11.051262
-5.781250
-3.434273
-3.997954
-3.875488
-11.030669
-10.758228
-7.919070
-8.201626
-11.605017
-10.491781
-20.547025
-10.301853
-11.311497
-6.391627
-4.610829
-5.633334
-9.157642
-11.769927
-10.634164
-7.055944
-13.392969
-5.681502
-10.334443
-4.912257
-7.454700
-5.687731
-11.208745
-6.048837
-16.108266
-8.306844
-4.764740
-10.350487
-6.824430
-2.632360
-17.205722
-7.634890
-5.768708
-6.785414
-9.634018
-5.675707
-5.909335
-11.513152
-7.749763
-3.403790
-7.254774
-17.790568
-8.612377
-5.169895
-6.603114
-11.562027
-22.401861
-4.342532
-7.150627
-8.366652
-11.554078
-12.216517
-9.986509
-18.741046
-14.669695
-11.159631
-3.825769
-12.114762
-16.201579
-4.611279
-6.833267
-11.444538
-10.685664
-13.360512
-24.657759
-3.294115
-10.288051
-5.783925
-5.218667
-8.114239
-9.258108
-15.795701
-19.941214
-8.024341
-4.525389
-7.555585
-10.567500
-11.653597
-8.875842
-8.387984
-9.315929
-4.226675
-4.490177
-6.238723
-7.901242
-5.693915
-21.583336
-4.869604
-11.555352
-4.563762
-11.150780
-11.488708
-13.545848
-4.114741
-4.888688
-3.242315
-5.468478
-5.091031
-5.644469
-7.708449
-10.261676
-17.812286
-4.340467
-15.106177
-8.981511
-7.078090
-5.972562
-8.361942
-10.106469
-6.582477
-5.687915
-10.550228
-10.856298
-8.160095
-5.315272
-3.720131
-6.334019
-12.537807
-6.063364
-4.294600
-5.310212
-7.192113
-11.732559
-6.856790
-9.979957
-6.118369
-9.347994
-6.109196
-4.220565
-3.776880
-3.542747
-8.598472
-1.669996
-3.670593
-10.263469
-13.526627
-11.330863
-19.083070
-5.216620
-7.463649
-8.483968
-5.557528
-9.976267
-3.934699
-21.583035
-7.619355
-4.474576
-6.137949
-9.561083
-9.428225
-6.354859
-5.733363
-5.559425
-5.800278
-7.109682
-10.444234
-5.194394
-3.859294
-3.276436
-11.829698
-10.145482
-5.060081
-2.872539
-6.525327
-12.198060
-6.820236
-11.337483
-12.263179
-7.666537
-21.457654
-7.755607
-5.699123
-12.926495
-14.621893
-12.216193
-1.789143
-11.000190
-4.590026
-11.340659
-6.088236
-5.730433
-2.335817
-12.484057
-4.120675
-14.267691
-6.255163
-9.800870
-13.708879
-11.190878
-5.498849
-11.417877
-4.384708
-7.254358
-8.794727
-3.830865
-5.137918
-15.623036
-4.372347
-5.677250
-5.052214
-5.084094
-5.968134
-5.771797
-2.909934
-12.228673
-3.792778
-7.065875
-10.446202
-5.506813
-6.837699
-6.083823
-13.023088
-12.794427
-9.147262
-7.427499
-17.686688
-5.174935
-20.163327
-13.792180
-12.271523
-9.468283
-15.719676
-4.052499
-16.798525
-4.976958
-7.105834
-4.185901
-4.642573
-3.787073
-10.771462
-10.278534
-5.002115
-23.560163
-5.799532
-3.417945
-12.172188
-4.514444
-9.015460
-10.496528
-2.961785
-9.797389
-6.766162
-5.481318
-5.405635
-9.227392
-4.956142
-4.455100
-4.982666
-8.929689
-5.363975
-11.635535
-4.704654
-7.895814
-7.539284
-5.268895
-14.528276
-7.890408
-5.619964
-19.606010
-6.976935
-13.434302
-6.042070
-8.027477
-5.941909
-4.292273
-5.245271
-18.554349
-10.153522
-8.848851
-7.079918
-8.331187
-4.674431
-14.906765
-14.933262
-5.227432
-27.350177
-12.201233
-4.458346
-8.078746
-10.883255
-4.567125
-17.213708
-17.785880
-9.547198
-8.422816
-18.128957
-3.822010
-6.032171
-3.805057
-15.738166
-8.576792
-6.915838
-7.527558
-20.223643
-13.120404
-8.891439
-3.567766
-11.780953
-13.114463
-6.660965
-5.400377
-16.468139
-15.207310
-8.549952
-9.344644
-5.076035
-9.704148
-4.116480
-13.464773
-5.712271
-18.878230
-3.208671
-11.660507
-5.481369
-12.566809
-6.233486
-13.708996
-7.927897
-13.565930
-4.849023
-5.150037
-9.425297
-10.628613
-6.880363
-5.974793
-16.211593
-6.843116
-17.466630
-8.562762
-6.544215
-16.487612
-26.431567
-5.799772
-17.905193
-4.733550
-24.158341
-7.053703
-6.221227
-5.985422
-4.741832
-12.809961
-9.954772
-8.634821
-7.661719
-7.724273
-11.110840
-6.922330
-6.298446
-7.686909
-7.373693
-10.206589
-7.880187
-5.538655
-12.037756
-3.211665
-5.540137
-12.646571
-17.940087
-5.863113
-7.822006
-8.162198
-3.145781
-7.357611
-4.930451
-6.800368
-9.968130
-19.208304
-10.104389
-22.671870
-9.720141
-14.711888
-12.203002
-3.174349
-5.124564
-1.944289
-5.530733
-4.936670
-6.529776
-11.397457
-9.052180
-7.472681
-8.554013
-2.601663
-6.612718
-7.346134
-10.172155
-3.755192
-8.680234
-3.850750
-4.780256
-2.843073
-7.331928
-11.562410
-6.131593
-6.263017
-6.516576
-10.949941
-9.980126
-5.039131
-7.540568
-10.627653
-11.100777
-6.339771
-8.159129
-2.525244
-4.054430
-4.481154
-31.436973
-6.513691
-2.455242
-5.703052
-8.468194
-4.034498
