-17.022430
-26.047535
-12.992364
-26.686673
-18.602165
-26.052095
-13.884345
-14.875583
-16.492506
-18.508270
-21.584305
-30.037035
-15.981760
-17.900364
-21.114791
-12.040967
-26.764650
-18.689361
-26.320993
-21.612048
-16.077556
-10.374719
-14.472245
-22.100423
-14.879172
-14.593182
-14.471343
-13.152980
-11.215029
-19.706756
-15.063310
-14.395344
-20.376187
-17.209378
-20.512243
-16.479300
-19.593433
-15.132115
-12.903817
-17.261141
-12.588576
-14.890278
-12.511392
-29.514110
-16.093816
-15.291150
-13.580246
-21.480205
-18.701385
-17.345622
-18.262067
-23.906067
-28.210089
-17.945587
-29.506017
-14.543041
-19.311876
-16.928359
-11.431822
-18.712736
-20.727559
-24.297808
-25.143585
-26.068195
-12.999397
-16.221127
-20.583261
-26.868034
-15.248522
-10.510206
-20.565004
-12.444819
-19.585681
-21.331118
-18.803984
-20.183663
-18.063272
-16.755823
-28.899044
-16.576480
-14.579703
-14.571363
-18.080079
-18.535995
-20.341087
-24.943558
-16.081280
-14.151937
-32.150670
-13.920508
-16.251655
-14.185812
-15.000239
-20.070010
-15.369792
-16.859225
-15.715367
-19.163498
-30.449260
-14.469081
-14.953590
-26.202106
-17.516057
-14.379484
-20.127303
-25.121691
-19.492293
-17.142039
-29.385190
-26.080591
-23.830947
-23.858010
-15.964994
-13.880042
-18.771020
-17.540773
-18.260331
-10.780720
-15.408653
-21.634298
-17.848944
-20.457815
-15.672429
-17.049251
-17.758150
-16.263337
-15.771156
-18.662701
-15.322832
-13.320483
-14.663834
-15.289901
-11.651209
-28.475099
-27.731820
-19.511380
-31.242968
-27.391045
-17.025988
-20.196420
-16.916783
-16.593689
-12.201621
-25.144909
-18.059667
-13.101728
-13.217062
-16.223802
-27.476872
-13.254643
-28.549432
-19.374654
-20.399061
-13.974776
-18.138848
-21.139015
-14.228849
-24.929705
-14.356699
-17.533223
-13.722983
-16.357996
-26.647770
-20.982346
-13.936576
-14.855530
-17.764492
-21.710862
-17.485906
-25.342749
-27.026023
-24.705710
-19.609869
-17.860207
-13.691783
-16.193755
-9.878956
-18.210674
-18.107976
-17.199359
-12.013987
-21.572932
-13.053077
-16.386988
-14.960490
-30.600327
-16.176516
-15.449346
-12.881539
-19.968797
-14.442130
-16.956536
-22.348531
-19.276315
-27.736446
-11.792901
-25.222546
-23.013925
-13.713606
-32.514254
-21.075256
-23.477960
-16.596209
-20.075906
-13.424310
-29.060714
-13.167686
-17.283346
-11.123145
-12.615733
-15.788070
-14.082323
-19.078697
-16.360499
-12.264036
-16.562997
-14.157645
-15.265955
-20.238477
-21.379224
-15.650647
-13.706968
-24.614227
-10.387137
-31.441981
-21.189351
-18.151687
-12.718113
-17.843035
-23.369413
-11.582822
-12.046516
-13.224007
-21.015749
-15.062313
-20.048668
-19.818716
-22.335462
-17.427384
-17.156498
-16.306797
-13.564697
-12.746414
-22.216738
-15.492927
-17.603205
-16.173722
-18.996232
-15.082463
-15.243371
-18.152665
-22.765785
-13.849493
-16.809130
-27.272184
-21.611965
-15.187536
-14.859607
-23.430494
-24.938638
-24.248374
-15.908776
-14.994012
-25.407229
-19.545493
-19.241001
-19.851264
-14.293879
-18.919590
-12.252546
-11.254008
-25.059946
-30.185778
-15.991302
-18.304458
-18.707561
-20.097910
-13.415226
-19.483139
-12.601654
-14.613483
-17.218934
-13.199795
-14.670288
-18.136970
-39.404757
-18.707025
-12.207241
-16.068547
-25.153919
-17.586362
-20.172804
-14.341265
-16.873122
-27.123512
-9.484239
-17.063778
-15.220547
-32.457047
-20.113547
-13.110820
-17.368380
-15.053988
-11.973608
-14.822288
-21.153457
-10.070942
-17.514670
-10.981975
-22.881769
-19.281152
-24.215703
-26.182743
-12.842267
-12.836769
-9.929534
-23.892358
-13.817182
-12.335713
-11.639807
-19.582974
-21.454544
-13.010234
-34.911402
-12.541561
-21.462336
-16.558878
-22.370030
-17.641549
-21.058502
-20.244101
-21.095531
-18.017512
-16.767719
-17.649505
-16.801301
-11.447823
-15.398466
-19.514812
-13.634931
-20.971718
-14.515001
-25.040564
-13.599068
-23.292678
-22.462452
-16.867617
-16.137336
-19.174696
-16.309917
-12.714227
-15.532359
-17.884009
-15.587160
-13.812135
-20.087794
-14.368367
-17.456172
-16.291713
-20.666794
-29.892097
-15.356816
-20.676575
-14.024538
-23.752950
-19.819653
-14.790195
-12.099032
-20.670501
-14.039448
-23.646830
-20.263585
-13.190450
-14.382593
-13.840536
-17.746322
-21.021295
-16.427787
-14.069358
-15.126595
-22.229816
-14.980015
-16.424292
-13.466689
-22.569312
-21.859865
-10.443496
-13.222403
-17.646601
-20.994222
-16.106037
-14.540840
-17.222567
-12.827039
-20.091707
-23.766004
-15.591476
-18.350679
-18.081282
-18.974376
-16.189250
-16.870692
-17.699406
-28.017912
-12.845538
-18.082337
-14.978914
-19.600890
-14.199033
-14.791159
-20.037988
-11.869821
-20.814853
-15.318335
-21.193157
-15.082312
-13.396590
-28.555580
-16.826332
-14.781865
-24.492744
-23.797402
-11.783177
-25.226351
-21.412298
-35.145740
-13.394598
-16.937380
-21.901095
-13.239639
-16.618973
-25.190166
-17.546141
-14.544124
-15.464342
-22.149212
-18.130210
-25.220039
-20.540035
-14.799424
-21.828773
-16.774853
-19.427886
-14.162708
-13.981223
-22.318770
-20.593117
-15.530569
-25.377624
-20.239958
-12.730817
-12.888371
-12.673543
-14.960819
-21.224458
-14.622371
-11.258770
-19.683107
-14.568610
-19.236059
-18.397186
-14.266176
-19.932421
-26.566523
-19.690800
-16.287651
-21.115041
-32.063569
-13.573147
-15.032513
-10.341461
-21.726901
-21.397179
-18.598655
-13.531332
-17.749577
-15.033854
-15.778023
-15.876005
-13.535589
-26.761768
-10.078894
-16.682765
-27.048657
-18.354858
-11.980641
-21.743422
-16.387820
-21.342131
-22.625396
-26.866344
-16.980072
-22.731491
-13.905782
-21.703905
-24.743012
-11.275299
-15.800944
-14.679075
-18.174864
-17.688973
-12.822644
-24.486282
-11.551745
-17.515544
-22.616174
-37.177544
-15.219580
-27.833791
-19.763982
-21.725165
-18.903910
-16.780797
-20.556164
-19.399556
-27.397453
-11.500714
-16.482317
-16.991521
-15.470617
-15.515230
-14.910646
-16.524025
-12.275754
-21.236273
-21.136403
-20.630466
-18.099515
-23.578853
-18.183598
-16.701225
-20.435041
-27.086568
-30.261418
-21.725173
-30.948766
-19.981017
-17.633143
-21.245428
-13.531300
-15.402865
-17.252119
-20.658849
-11.054516
-28.941985
-35.091749
-20.176559
-21.547390
-14.482207
-44.309184
-21.843444
-17.448480
-13.504015
-22.524805
-17.475214
-27.222998
-10.569013
-22.181408
-15.558744
-11.245462
-17.436306
-17.610208
-16.718636
-20.804931
-18.305932
-9.930134
-18.624277
-27.163719
-16.646608
-19.619731
-16.277637
-25.792110
-16.561820
-14.314759
-11.157338
-15.299082
-15.258740
-17.903247
-18.747816
-19.642079
-29.081102
-10.139463
-18.727582
-15.376682
-14.708012
-20.316880
-24.002940
-15.697346
-14.208743
-10.717080
-13.277529
-26.976516
-16.823611
-18.502340
-21.799168
-16.244178
-20.598372
-12.461944
-19.111641
-22.296180
-9.356714
-12.982434
-18.135819
-38.324825
-25.024813
-12.106573
-30.988335
-12.549220
-22.695763
-14.592913
-15.010250
-17.914416
-21.518141
-17.895776
-15.476083
-16.572216
-11.933006
-21.293126
-12.833901
-18.122115
-17.750115
-12.440170
-13.435666
-11.000939
-24.241115
-15.068523
-18.747515
-20.105776
-12.964957
-20.507042
-14.441346
-14.205814
-18.202724
-12.757174
-19.734513
-13.065494
-13.820286
-15.221027
-15.990507
-21.396111
-16.273086
-13.755519
-13.591458
-11.329586
-22.195492
-19.944765
-11.592854
-15.806713
-17.102616
-13.589980
-14.526928
-12.770446
-17.177329
-11.851978
-18.696980
-20.214853
-22.816158
-14.097806
-18.372112
-10.232136
-14.612661
-19.715760
-20.604135
-22.487587
-16.173426
-19.312248
-9.741324
-34.746928
-14.735032
-19.438186
-19.184614
-19.520332
-13.339685
-21.813974
-14.378943
-16.840349
-15.415014
-22.239155
-25.530262
-13.687152
-11.653546
-19.934002
-32.322096
-18.135248
-12.213055
-23.972741
-12.921542
-21.722845
-22.301301
-18.234590
-19.973615
-19.774852
-19.188461
-14.453187
-13.846293
-17.146335
-17.725204
-18.171691
-14.262538
-17.571283
-13.728130
-14.066729
-34.246871
-17.140863
-19.589572
-13.280258
-17.659771
-22.829655
-21.699523
-13.817766
-25.161199
-20.348958
-15.367047
-20.632924
-15.370996
-18.815406
-13.047955
-23.946533
-24.909518
-10.573886
-20.274802
-15.014999
-18.020051
-10.891226
-15.191735
-22.533717
-21.154081
-17.561232
-18.034837
-22.976413
-11.005433
-12.661402
-13.580698
-17.471581
-26.323627
-12.174248
-26.953006
-18.891412
-15.999547
-19.080211
-23.860150
-18.386349
-13.127198
-11.727121
-19.928729
-12.626729
-14.292647
-14.885724
-18.973140
-14.679564
-20.795484
-21.711460
-20.668031
-18.089218
-12.259979
-11.564509
-14.476172
-19.760761
-16.127058
-18.277457
-19.184494
-19.509737
-12.588071
-18.979473
-19.447917
-18.978486
-14.640758
-17.943528
-25.546305
-16.975909
-18.862078
-22.808773
-12.883708
-21.025799
-11.644066
-18.262691
-33.972143
-15.615949
-22.313239
-23.555166
-18.603771
-25.338220
-19.925888
-31.668236
-20.469398
-13.375996
-17.343607
-22.147196
-21.508976
-20.192178
-15.595408
-17.552823
-22.243264
-17.114837
-22.357012
-25.148373
-13.890285
-19.838184
-10.676378
-15.503643
-12.965871
-19.109185
-15.203075
-18.280561
-22.292774
-19.605167
-23.688951
-29.171415
-15.741922
-18.263199
-13.471863
-24.735561
-16.001514
-13.765531
-12.849238
-20.397655
-14.484057
-14.348790
-14.105418
-20.907718
-19.837468
-23.548922
-10.979768
-36.119664
-17.972163
-14.020577
-13.304315
-14.359295
-13.058964
-20.790473
-12.776981
-25.137014
-17.476388
-17.247255
-25.614137
-17.417381
-31.033278
-22.238569
-18.154895
-13.971617
-18.668791
-22.204068
-13.675473
-17.790061
-17.003345
-15.966993
-25.832821
-23.834468
-19.611855
-21.651074
-12.241564
-15.076249
-21.992183
-19.742194
-12.914520
-18.793996
-20.249632
-22.897268
-12.380864
-16.036651
-15.273692
-22.758986
-27.006257
-18.483526
-15.493546
-29.512033
-15.087728
-16.517596
-21.922676
-16.537501
-24.009231
-23.456676
-20.664959
-17.614562
-11.657527
-32.221283
-14.183098
-22.748664
-11.690802
-14.169245
-16.288901
-16.863046
-13.868388
-16.099309
-20.898291
-24.536370
-18.262707
-13.436048
-27.033313
-21.474879
-15.256275
-13.004570
-14.901697
-16.690296
-15.549309
-14.674754
-14.783380
-13.707068
-12.265262
-13.674998
-12.144625
-14.711596
-15.514289
-20.553095
-31.177102
-24.676614
-13.343770
-15.573391
-14.474600
-17.089555
-20.997954
-14.210234
-28.224105
-18.792669
-14.255656
-12.921453
-19.379812
-20.663628
-8.539033
-16.790686
-20.546228
-15.474209
-35.174445
-21.508928
-18.304730
-14.135186
-20.951776
-25.169794
-17.718062
-23.102811
-21.150423
-16.869479
-21.379326
-20.126526
-19.231145
-24.508981
-14.917374
-16.548591
-12.553763
-23.834918
-10.665069
-21.707560
-18.031814
-14.063639
-18.182026
-16.943187
-15.660082
-27.397453
-18.658971
-25.825541
-16.592989
-16.593235
-25.935821
-18.204567
-20.519854
-13.727039
-19.994003
-18.528307
-22.698808
-10.619435
-25.805075
-21.687752
-16.552534
-17.800534
-17.862202
-13.814458
-15.813273
-16.116173
-20.005969
-16.990349
-12.731324
-14.885414
-17.509295
-10.040057
-12.424713
-25.111952
-18.410883
-14.422629
-16.605961
-28.161803
-14.782472
-14.084350
-16.240746
-10.193346
-17.330466
-21.337977
-15.899787
-11.995718
-28.472538
-15.060564
-16.279349
-16.600781
-15.739967
-15.315343
-15.483723
-27.593945
-14.286595
-11.995250
-17.675272
-16.222459
