-29.195723
-30.487427
-30.662333
-38.854986
-39.457665
-27.614302
-37.771489
-35.109324
-40.917485
-33.065798
-33.552670
-34.269760
-30.907908
-36.530511
-29.978959
-33.128129
-30.852893
-33.261030
-27.597927
-34.889894
-27.038256
-26.951350
-29.553123
-36.149236
-36.736242
-32.730992
-27.470253
-31.243373
-35.111197
-37.715423
-34.814411
-33.666691
-27.271727
-35.186268
-38.299184
-33.518483
-34.389642
-40.110958
-39.194784
-38.926217
-35.599800
-43.776306
-25.329300
-34.623511
-37.975178
-37.086244
-28.124310
-29.831273
-29.558957
-33.667514
-59.789806
-32.446516
-35.701263
-30.073018
-26.685938
-30.838801
-37.636872
-41.168135
-35.051186
-42.226998
-48.418059
-44.486812
-35.487672
-33.681222
-37.985932
-32.110589
-35.656453
-28.246350
-34.006925
-33.585046
-34.327678
-28.935652
-29.804920
-32.101730
-39.328740
-37.251552
-23.583531
-32.736340
-32.571009
-31.882951
-29.617680
-40.129874
-36.272366
-26.404690
-31.319083
-29.614443
-36.040074
-41.315044
-35.370196
-28.893474
-30.023103
-38.871772
-34.197221
-37.350771
-37.179808
-29.863504
-40.461632
-45.305688
-54.691868
-32.719725
-38.776341
-44.201815
-31.636291
-34.846838
-32.172169
-34.714145
-36.867985
-35.548116
-41.923734
-31.483090
-25.803141
-30.106014
-39.854296
-36.120361
-31.218940
-40.394402
-31.154380
-36.501277
-42.832897
-37.615478
-49.853606
-37.553240
-34.036630
-41.079255
-31.415289
-33.484001
-32.201909
-28.126053
-33.490909
-41.768033
-41.964503
-34.955028
-35.995989
-35.764814
-43.834179
-34.183068
-29.410186
-27.568297
-39.008185
-27.039016
-32.103898
-31.783234
-38.323681
-27.282500
-38.469379
-31.414536
-44.405168
-37.280401
-33.776296
-34.850606
-29.908094
-36.239995
-34.939814
-41.743279
-30.544727
-47.811376
-29.019386
-32.006240
-32.697031
-30.331383
-31.777315
-46.405230
-36.012497
-29.300997
-34.474294
-33.645754
-24.609865
-31.511262
-33.253127
-29.175193
-42.015184
-28.556533
-27.074869
-27.299314
-32.436740
-30.141760
-26.297166
-29.373895
-32.721716
-32.093635
-35.548352
-30.244523
-31.706381
-33.885501
-37.903428
-26.677348
-43.843089
-36.415116
-34.545751
-31.620428
-31.825070
-33.699100
-29.550303
-31.794601
-35.640383
-30.870828
-32.388362
-30.364156
-35.223289
-34.791643
-27.842059
-33.586673
-32.340151
-29.860137
-31.867888
-30.108154
-37.271757
-34.867664
-36.785991
-30.258181
-38.827339
-28.471982
-38.185989
-31.932670
-46.816112
-42.456636
-28.657227
-36.541743
-29.577887
-27.033259
-26.708753
-32.507074
-36.664363
-32.244189
-30.404085
-28.938884
-33.218665
-41.156086
-41.269843
-33.072607
-39.954003
-38.219047
-32.766279
-39.537698
-32.481084
-33.342920
-33.669052
-36.190393
-31.967981
-31.985769
-35.889676
-36.118144
-38.703268
-37.317937
-36.114651
-46.239773
-33.332132
-33.070122
-29.424547
-28.828910
-34.171630
-36.531717
-25.682084
-32.142035
-26.470252
-29.001200
-42.227225
-46.033619
-29.656683
-27.486681
-38.498513
-43.763724
-42.977750
-30.657933
-28.756644
-33.228213
-41.380482
-29.951439
-33.911161
-32.137120
-32.688802
-31.488201
-31.634035
-24.628650
-23.874807
-39.705175
-36.253838
-46.104831
-50.161442
-34.968329
-28.066405
-33.874154
-38.290573
-34.506957
-33.950677
-31.202993
-35.511821
-30.941422
-37.251215
-41.696708
-33.490166
-33.135720
-28.150060
-37.579389
-36.275906
-30.606254
-44.865455
-29.060794
-36.216192
-47.061217
-27.396521
-37.933940
-41.548072
-29.539148
-32.533803
-37.609830
-31.199223
-36.588519
-46.318653
-31.731058
-38.467641
-28.678572
-39.166775
-30.083319
-36.057350
-31.373140
-27.153739
-34.713178
-30.670829
-31.171258
-25.848121
-32.052898
-26.592392
-36.231400
-27.569492
-41.208600
-40.253247
-34.377005
-36.382346
-30.060729
-29.831147
-29.101387
-28.344746
-33.056589
-31.322075
-36.417586
-32.529447
-34.993324
-37.620799
-33.104577
-28.819309
-30.701870
-49.833670
-44.187168
-39.497553
-33.469494
-34.578103
-35.158757
-66.402511
-33.149100
-34.991393
-42.491047
-49.371494
-39.090685
-34.905375
-24.424321
-30.858673
-41.916853
-30.778920
-62.714666
-34.358188
-34.472267
-41.259535
-35.242211
-36.391765
-34.273805
-33.392866
-49.880009
-26.645167
-56.762878
-26.357749
-30.538440
-33.481803
-29.814689
-28.420205
-32.110763
-35.978463
-31.761757
-27.633508
-32.172198
-42.038498
-38.343093
-32.338893
-33.033776
-30.267600
-37.681835
-34.530823
-31.458364
-36.452888
-27.368872
-35.297826
-33.560968
-36.331464
-27.041062
-30.990138
-29.112244
-35.136170
-38.077904
-25.797738
-26.533313
-23.258344
-32.030668
-33.206456
-29.685115
-28.668910
-29.640006
-34.192063
-37.293580
-40.723885
-35.347656
-42.428969
-32.349233
-33.156140
-41.931733
-34.299247
-33.423975
-31.147986
-30.457582
-55.051367
-44.297520
-34.379683
-34.885923
-32.638065
-44.508145
-40.075352
-28.221862
-30.127808
-34.518891
-37.956121
-37.779372
-31.009642
-32.044166
-32.526029
-33.521928
-38.661453
-49.793807
-36.134121
-31.071827
-32.845187
-45.714632
-29.704505
-33.492716
-34.376451
-35.310419
-27.469537
-37.933657
-29.175934
-38.311148
-31.497330
-54.842097
-31.264419
-26.093167
-32.966437
-36.447040
-34.819379
-34.537943
-38.841454
-33.782567
-40.978640
-35.436214
-43.021274
-36.584962
-34.497469
-31.921512
-35.163090
-39.179935
-29.754316
-29.371452
-34.662663
-42.510519
-24.993765
-36.012601
-30.621516
-32.066975
-42.327517
-30.948784
-29.810896
-34.636676
-41.298715
-38.819487
-37.389689
-35.104069
-36.291776
-36.417757
-38.959470
-40.712123
-31.973758
-32.586445
-31.247517
-38.977304
-39.328877
-37.853098
-30.395492
-32.102652
-35.014806
-33.735276
-33.745520
-29.532939
-38.334282
-36.693897
-31.443679
-34.840414
-39.998245
-40.461500
-31.233273
-33.561580
-35.493169
-43.571949
-26.219714
-31.287985
-35.985543
-37.373508
-33.110227
-32.815042
-36.426597
-29.756193
-34.056293
-30.468621
-38.954025
-42.216669
-48.321436
-41.606207
-32.038100
-36.900418
-30.644889
-34.664594
-33.535102
-34.564761
-39.951979
-48.104011
-38.303945
-34.498404
-33.659492
-42.786234
-30.800937
-36.160420
-36.315358
-31.089886
-30.952337
-29.942373
-30.346968
-41.152104
-46.162032
-30.439858
-31.609890
-32.938044
-33.876881
-32.321766
-27.999048
-32.648634
-33.566995
-33.094065
-30.204568
-46.552498
-36.221899
-34.813269
-42.171206
-33.912453
-29.234992
-31.551348
-37.168583
-24.200972
-36.639661
-35.042738
-38.002301
-31.617393
-31.241231
-35.001438
-29.523773
-30.507023
-38.885143
-24.406591
-30.225094
-32.818069
-34.768478
-30.927440
-30.822138
-34.779016
-25.469729
-26.393951
-40.914253
-31.806510
-36.959523
-30.397370
-30.398174
-33.098230
-33.360001
-45.629610
-39.770829
-29.549617
-31.738623
-42.455944
-27.341768
-25.193885
-41.995404
-30.345543
-37.221097
-33.432989
-30.975364
-30.257197
-27.515187
-30.473687
-33.663362
-29.675740
-30.255649
-34.224659
-31.054624
-31.897286
-30.428205
-32.217361
-32.796204
-28.630510
-29.184103
-40.121285
-31.238319
-32.594246
-36.897653
-35.733919
-48.640338
-34.404043
-35.886158
-37.256164
-36.892471
-35.765261
-35.198919
-29.290619
-32.594312
-29.507670
-27.671646
-35.334770
-30.524362
-29.168192
-33.036689
-31.942078
-32.303556
-25.877889
-29.903482
-39.616989
-30.241390
-28.872397
-29.666428
-31.849613
-29.283523
-41.645624
-34.021910
-32.925491
-33.060104
-33.753503
-38.470100
-28.614948
-44.223736
-37.867066
-30.424043
-29.817482
-37.176210
-32.725941
-32.841188
-28.573015
-35.908315
-38.863301
-40.438147
-27.944789
-33.160567
-33.592724
-42.411897
-33.957490
-36.794189
-28.332889
-28.381666
-26.900465
-28.118029
-43.408887
-35.646190
-43.963661
-34.263489
-33.584645
-30.416932
-27.885565
-39.755682
-30.381151
-34.482269
-33.508928
-36.674593
-40.157016
-40.240268
-30.644191
-29.418198
-30.718146
-56.757378
-28.147667
-32.863916
-29.201404
-32.653003
-36.364480
-33.040240
-42.998613
-39.710840
-36.598875
-31.645488
-37.906851
-32.247503
-27.125744
-43.033390
-25.001182
-39.252541
-36.709955
-40.835799
-34.071022
-35.389440
-41.040609
-28.230766
-34.522305
-28.221731
-33.480727
-43.245566
-32.553118
-33.637025
-45.170962
-49.656631
-40.929592
-41.798504
-40.478584
-37.760201
-31.584147
-37.453610
-40.732585
-37.589347
-30.454179
-37.634445
-38.363219
-29.168832
-40.048838
-30.094979
-33.514221
-33.292046
-33.120982
-38.703163
-31.783592
-37.821515
-28.828630
-46.750504
-43.928802
-31.616416
-34.049987
-33.451004
-29.558607
-30.467534
-32.852279
-36.330629
-30.297693
-29.744814
-31.250735
-35.026099
-30.843861
-33.653495
-26.134831
-37.453976
-39.513293
-34.748318
-34.458768
-39.538097
-33.970661
-26.273979
-30.104967
-41.000885
-36.203142
-33.159578
-37.387631
-34.557397
-35.751204
-33.661415
-40.501424
-39.495005
-28.770798
-33.876604
-43.297167
-35.891395
-27.112505
-41.526897
-29.527014
-33.440889
-36.688062
-31.581027
-26.804029
-40.713857
-33.894040
-33.190153
-33.863607
-40.512486
-48.351884
-28.546881
-46.873073
-31.989513
-34.864851
-28.077342
-36.552743
-31.404808
-26.949480
-34.025152
-27.129204
-33.530281
-32.941597
-48.971924
-44.628153
-30.617110
-40.201248
-37.657306
-37.090160
-33.127869
-35.358221
-37.623220
-35.387612
-34.541054
-24.786140
-38.515000
-32.486458
-45.421685
-33.174006
-39.087610
-31.143079
-35.564209
-27.656147
-38.379015
-38.787728
-39.768436
-30.152669
-32.057587
-27.934107
-32.724545
-37.909189
-31.921989
-41.281911
-35.256093
-39.279726
-33.439025
-37.799103
-34.668582
-32.896276
-25.966338
-36.021208
-35.416827
-39.102020
-39.824148
-37.788701
-28.087194
-33.969511
-26.478839
-40.790392
-38.480729
-39.584546
-54.246033
-29.709883
-39.500268
-39.395350
-32.626979
-33.622796
-33.676083
-22.744355
-32.716419
-28.150934
-36.493695
-37.349969
-30.669201
-34.873250
-42.903807
-31.267529
-35.139676
-32.978644
-40.070573
-35.304588
-30.976477
-30.967708
-28.397718
-44.198630
-37.207361
-43.418195
-29.846856
-30.077993
-40.980467
-36.741281
-27.310135
-40.702627
-33.072498
-28.335866
-33.553132
-37.249361
-30.038541
-44.821456
-26.100220
-32.555039
-32.204741
-41.434182
-35.111686
-30.715744
-38.812209
-35.343382
-35.582528
-27.147364
-32.715633
-29.451426
-29.580628
-29.718271
-32.004965
-31.853780
-35.981208
-41.872813
-33.749556
-25.398554
-28.783578
-35.054540
-30.295390
-39.309682
-39.187428
-36.017830
-31.863774
-28.271175
-30.108622
-30.311685
-29.217736
-25.894964
-32.381220
-28.514681
-33.463704
-41.659049
-47.290363
-31.744188
-36.320977
-34.551062
-32.016811
-32.880381
-37.933205
-36.144174
-40.921790
-33.273108
-29.097250
-37.184714
-37.799602
-46.697802
-28.425253
-34.860997
-31.463564
-31.607463
-32.114050
-40.014766
-39.359417
-29.373285
-30.182636
-30.563451
-30.269941
-34.787225
-27.255797
-33.568302
-37.360339
-35.118770
-33.002758
-31.775960
-27.741444
-35.008927
-31.057363
-31.697075
-35.217623
-30.351836
-32.137981
-37.635535
-35.275136
-37.903183
-27.614863
-46.309903
-30.450771
-40.404623
-35.021269
-37.113750
-39.505070
-30.780616
-29.196065
-29.899137
-37.593189
-34.766215
-33.423699
-30.518295
-36.815623
-32.362568
-36.623224
-30.217256
-34.463893
-37.683523
-30.289844
-36.406114
-27.157856
-24.849097
-29.009345
-28.246662
-33.397140
-44.766617
-35.280235
-35.000408
-34.920744
-29.827855
-32.912747
-32.829550
