-5.402690
-9.836771
-6.739116
-8.098734
-6.820408
-6.201260
-6.720737
-14.203688
-17.335871
-5.920664
-10.236433
-7.560600
-5.254663
-10.796199
-3.275056
-8.029021
-9.550461
-9.826158
-8.120972
-7.893108
-14.424067
-6.546458
-7.060913
-6.753605
-9.755849
-8.450144
-4.515050
-8.702831
-12.863549
-18.811607
-6.899339
-5.864338
-13.894308
-4.146900
-6.132930
-9.026552
-9.018029
-10.062690
-16.032203
-6.372448
-5.015703
-11.278872
-8.708894
-8.151696
-12.286852
-6.159984
-8.486297
-4.976358
-11.478036
-7.747312
-8.344506
-7.684142
-8.038437
-8.069301
-4.601803
-6.037688
-12.730964
-5.976090
-8.059382
-3.695200
-4.614396
-8.296187
-9.846932
-4.954477
-11.234182
-7.547715
-9.764145
-9.159244
-5.494884
-9.080530
-19.768321
-16.033404
-15.496464
-9.936383
-8.844891
-7.261559
-6.383572
-12.992402
-16.045205
-8.074701
-5.804665
-4.689684
-10.835041
-10.376645
-5.592021
-8.531519
-6.043068
-11.415152
-8.280124
-4.352779
-13.300139
-20.322674
-9.454437
-7.147106
-3.603888
-14.780562
-16.784744
-23.162800
-8.111764
-9.121399
-11.172149
-15.240452
-12.540610
-8.014613
-5.315065
-9.777595
-9.429401
-14.486649
-11.929563
-9.169467
-5.837100
-5.685592
-7.849558
-9.119633
-9.052655
-13.270282
-9.162592
-5.100118
-8.406720
-7.614273
-9.648731
-12.263705
-8.438123
-9.782054
-9.921256
-7.908936
-3.949864
-5.811994
-15.119565
-11.161411
-19.839419
-13.534197
-11.362890
-12.567132
-18.038563
-10.482291
-13.392719
-14.516143
-10.921989
-9.555666
-7.955663
-8.277464
-4.571037
-13.535167
-10.128162
-8.496267
-5.860006
-6.833067
-8.854510
-12.925146
-1.937896
-10.533000
-5.757579
-14.523920
-8.287541
-13.406488
-10.957488
-5.093021
-14.756867
-7.964249
-9.270256
-10.449861
-7.870002
-10.564837
-17.733160
-14.050923
-4.692752
-6.384269
-6.948033
-6.522706
-3.689175
-6.136778
-6.936859
-5.263810
-4.926407
-8.101867
-8.202049
-11.630126
-3.867407
-10.142475
-5.435985
-6.679935
-4.198672
-13.187609
-11.883563
-3.748598
-4.927986
-8.039419
-6.621056
-12.479654
-7.671860
-4.543303
-6.588494
-11.391884
-5.170766
-6.160837
-10.070434
-7.545935
-12.821223
-5.781307
-17.941549
-9.819106
-13.720268
-12.794334
-13.868671
-4.243514
-5.344014
-7.314678
-5.023569
-12.009086
-14.980860
-12.798937
-8.370532
-9.606350
-7.332350
-12.030984
-6.518235
-10.260131
-8.303504
-5.874196
-5.609877
-12.215034
-9.938281
-8.349911
-5.164929
-10.277925
-8.594398
-8.599609
-6.151523
-9.476547
-4.884731
-8.949327
-6.518185
-8.944967
-12.095350
-9.345808
-8.619212
-9.191135
-7.530136
-12.674830
-6.116408
-8.812016
-10.841548
-11.531655
-7.871883
-4.363482
-11.942165
-4.995986
-8.695334
-6.309988
-11.284617
-6.157914
-4.583039
-13.064153
-8.717227
-7.526450
-5.696035
-7.825880
-9.392288
-4.830466
-4.145413
-6.057176
-14.608948
-8.809019
-6.297331
-17.746007
-21.141620
-13.677954
-10.266878
-11.209816
-7.135758
-11.597143
-4.290727
-7.340696
-8.493025
-8.233066
-5.522431
-7.927048
-13.708619
-20.388503
-4.246876
-5.792366
-8.879920
-9.122583
-11.918678
-5.646964
-7.259460
-11.213766
-21.710185
-5.953084
-11.388456
-13.244651
-9.555178
-6.356378
-8.404711
-12.066213
-4.940538
-9.721815
-13.970576
-8.406226
-11.439485
-6.652418
-5.824591
-10.297008
-7.183464
-11.348819
-6.213025
-8.078354
-14.105490
-9.566028
-8.148739
-10.946143
-8.800591
-9.123128
-10.170054
-8.711992
-12.408937
-7.830045
-7.608015
-5.606849
-16.004125
-5.526363
-9.334369
-5.018562
-5.968331
-8.060226
-5.085161
-6.390279
-4.758260
-7.224971
-8.820109
-11.981059
-7.610896
-10.623307
-17.006465
-11.358345
-5.853747
-11.071177
-13.749430
-7.748848
-5.654910
-9.598705
-4.162206
-10.780583
-6.601132
-4.639312
-13.343808
-11.801416
-7.095706
-6.634003
-13.915373
-8.748248
-4.287734
-3.470350
-8.982852
-10.492813
-4.233454
-8.526403
-6.323947
-6.549558
-4.591978
-7.505229
-3.413261
-6.817670
-7.759740
-9.855946
-5.461474
-17.031353
-4.112311
-12.655795
-12.780882
-6.666056
-5.995914
-6.027679
-9.304900
-7.009270
-5.310593
-12.639494
-8.003036
-7.700834
-7.733335
-5.577602
-22.636617
-8.772308
-10.384169
-7.026874
-13.651503
-7.381556
-10.226957
-6.514983
-20.043528
-5.835991
-12.888993
-7.618720
-10.485853
-6.227868
-9.128379
-4.715154
-6.085020
-10.396335
-4.129167
-12.750106
-7.184794
-5.407487
-10.076325
-10.980223
-5.663770
-9.409650
-5.491190
-4.012762
-10.272898
-6.517423
-12.114626
-7.522601
-8.921929
-11.916183
-10.555064
-8.090677
-19.724726
-4.575194
-8.572858
-10.046053
-19.482186
-13.571752
-9.106577
-4.900469
-13.220767
-8.849237
-9.174969
-7.676636
-23.773134
-8.542753
-8.401718
-6.757042
-14.449334
-5.156228
-7.225309
-9.319596
-8.006935
-8.964868
-8.274010
-3.916953
-5.243511
-15.752589
-3.835267
-9.016390
-6.294960
-9.302298
-9.637044
-11.088822
-5.985140
-6.609358
-7.730639
-3.910711
-8.220126
-5.075204
-9.285376
-6.982746
-17.227824
-6.025023
-2.934196
-10.536324
-3.988993
-12.968103
-13.244929
-9.835294
-7.421231
-18.261794
-12.068057
-11.742912
-16.623977
-5.469660
-13.159508
-8.361461
-6.941582
-6.910435
-10.558038
-11.144701
-8.077182
-10.725670
-8.888702
-9.425094
-6.633168
-4.107504
-8.952049
-10.497404
-7.685786
-8.066387
-6.864339
-14.022429
-6.546998
-15.371114
-6.783754
-6.492794
-7.303770
-7.975323
-7.628585
-9.366803
-5.702715
-10.129030
-13.103571
-8.689721
-14.035581
-5.909149
-6.682848
-4.816381
-11.431104
-4.601211
-6.594894
-16.356877
-9.668187
-11.251979
-14.275123
-9.393558
-10.322097
-3.843595
-5.323807
-5.212177
-14.806438
-4.714819
-6.195238
-24.413711
-8.811497
-15.354647
-10.013829
-7.096029
-7.505876
-5.963972
-5.116691
-11.916132
-19.512969
-26.007083
-10.069957
-5.627636
-15.971580
-6.745053
-8.679072
-2.402378
-7.950720
-8.167287
-7.761088
-7.834501
-7.633486
-6.951880
-8.431025
-7.843925
-6.006020
-9.207661
-13.541244
-4.825890
-11.370256
-6.787948
-9.769075
-2.971023
-6.066388
-8.580684
-4.682028
-7.873197
-8.697473
-9.826097
-5.987903
-8.736145
-7.238275
-6.448558
-4.897129
-10.885749
-8.971868
-3.964150
-6.555703
-16.195462
-4.694885
-18.704419
-15.738886
-4.346810
-10.413431
-9.652894
-10.712791
-7.462931
-6.449945
-6.105778
-4.335023
-7.626956
-14.014145
-8.840712
-9.989243
-4.647527
-6.002664
-4.075947
-3.511996
-10.695986
-6.757799
-8.021761
-7.990122
-13.294380
-9.904362
-19.978671
-6.719050
-15.463743
-6.022800
-14.478735
-12.788989
-8.001744
-13.881973
-4.674959
-5.870653
-8.965341
-4.326502
-7.758816
-8.013361
-12.511225
-14.643456
-7.792544
-9.379015
-7.628351
-10.885590
-4.533804
-4.993046
-9.277641
-10.182822
-8.976557
-7.334258
-10.938936
-6.576284
-5.854752
-4.399176
-5.290744
-18.094508
-6.354160
-6.187721
-5.676835
-6.880098
-12.861892
-8.934702
-4.625480
-11.022278
-6.125739
-23.772399
-6.048068
-6.189338
-4.619394
-7.225993
-5.874294
-6.748857
-4.318584
-12.133893
-13.401910
-12.474163
-11.366088
-9.573092
-7.960384
-5.111013
-11.127487
-12.544947
-2.925735
-17.884188
-9.470102
-6.055765
-6.438522
-7.919812
-6.889167
-7.219085
-3.765382
-17.085667
-4.027474
-5.877246
-5.198456
-10.377759
-18.219097
-6.966603
-8.513435
-10.502341
-7.347114
-11.707024
-5.977080
-3.484130
-5.289245
-8.891886
-7.609635
-7.508460
-4.560195
-12.952468
-8.660977
-3.832165
-6.963803
-3.333902
-10.718859
-8.059535
-11.426513
-6.313258
-4.175920
-8.414083
-9.538494
-5.734640
-4.872745
-3.922596
-15.160417
-7.660323
-5.245009
-6.587188
-7.091513
-6.902613
-19.556736
-6.077617
-10.529953
-6.417394
-12.264497
-6.721478
-12.844377
-6.123925
-9.343608
-10.547292
-11.483770
-6.722848
-7.589887
-11.152410
-11.008827
-5.530073
-6.625291
-9.817898
-4.696753
-6.035947
-7.038679
-9.671710
-12.634938
-6.616632
-16.792367
-8.082447
-5.919409
-8.082771
-4.948410
-7.904965
-9.148231
-7.253098
-5.614383
-4.306318
-15.167699
-5.000498
-16.861761
-5.243163
-6.345444
-6.632579
-13.266254
-20.140159
-8.662065
-26.251328
-7.813698
-14.050295
-17.529823
-6.944185
-6.799491
-4.693431
-8.023746
-3.764613
-14.145633
-8.943561
-7.651566
-8.734950
-4.694916
-20.241886
-6.445815
-12.087101
-7.285121
-9.408431
-12.423966
-10.782164
-10.188658
-8.690158
-5.870136
-11.168030
-5.032162
-5.014335
-4.129182
-9.693691
-5.600225
-6.488715
-15.294046
-14.200298
-6.672490
-5.161560
-6.294463
-10.028663
-6.669785
-5.306413
-10.846028
-6.359262
-13.393498
-9.103034
-20.870507
-5.038567
-6.289485
-7.633588
-7.226632
-10.137799
-9.799901
-13.610127
-12.169569
-7.859584
-13.323195
-9.905134
-7.062636
-5.534890
-5.356911
-9.635853
-8.756508
-8.071710
-5.947919
-12.923918
-11.608900
-4.856762
-6.989496
-5.958851
-5.767681
-11.244904
-10.561826
-5.395355
-7.900654
-7.723037
-8.833949
-9.730655
-10.291250
-5.011096
-4.411857
-5.891630
-11.021100
-8.847215
-5.845967
-18.061626
-13.099359
-11.222329
-14.087481
-7.050897
-5.137203
-6.178779
-4.980445
-8.499250
-14.971645
-12.266970
-5.662923
-13.131353
-3.543845
-7.601751
-9.292540
-6.003132
-10.826208
-4.129305
-5.161851
-7.626542
-6.282560
-8.473977
-5.094428
-8.343308
-9.259155
-5.822090
-4.417983
-8.731584
-4.812839
-14.986399
-9.923941
-4.969104
-8.501750
-9.636790
-7.040820
-10.033257
-7.524243
-11.823825
-9.120872
-8.224239
-8.050180
-12.135476
-9.876997
-6.815000
-6.156870
-23.219691
-8.272139
-9.182179
-5.004859
-4.867705
-15.413844
-11.202828
-13.689937
-8.551770
-6.401523
-4.188300
-10.879477
-4.282235
-7.202374
-3.763709
-11.139674
-5.815891
-5.030699
-5.670236
-7.675882
-8.947140
-6.164129
-4.914829
-10.509013
-6.628421
-6.953243
-7.523281
-2.728236
-12.346917
-6.473523
-14.044852
-12.105132
-5.694681
-18.641683
-10.243352
-14.131019
-5.787598
-5.548915
-8.349344
-6.537385
-4.976597
-11.022768
-3.475275
-9.519424
-8.171354
-7.284846
-3.494078
-8.051658
-7.658960
-5.883309
-7.075402
-8.996133
-7.270857
-10.871618
-5.780525
-4.626633
-5.202039
-4.167749
-16.426012
-6.473697
-6.789756
-8.267073
-9.740114
-6.791708
-10.749884
-14.702647
-4.528811
-4.685025
-8.208504
-3.496959
-4.291198
-5.937045
-5.573181
-21.336313
-8.207851
-7.003814
-6.086329
-4.569147
-3.874577
-7.223706
-2.186525
-8.514469
-11.792442
-24.747278
-8.914849
-12.180213
-5.447672
-10.227796
-14.389433
-13.078614
-7.964101
-5.059206
-12.466250
-6.153943
-7.329473
-11.485828
-5.397661
-5.261543
-10.255451
-11.133411
-7.987455
-13.226433
-13.434060
-22.265389
-7.766912
-4.688050
-7.392366
-11.194531
-3.804112
-7.310985
-12.473828
-8.509547
-6.410767
-4.949413
-6.230974
-10.077904
-13.304827
-6.804851
-11.159094
-5.176933
-6.822812
-6.278709
-6.875987
-8.719679
-5.435653
-28.779776
-7.571894
-5.338912
