-30.488303
-23.238044
-26.456562
-31.403320
-25.061868
-37.289139
-33.301260
-27.628533
-25.335737
-31.832870
-32.181998
-38.864183
-27.678693
-27.756733
-27.277837
-36.751575
-18.981061
-24.090911
-26.832724
-28.988251
-31.181748
-26.400224
-26.988411
-29.985969
-23.011336
-29.846963
-27.243096
-24.496279
-27.411432
-37.339996
-39.097045
-24.773591
-28.568771
-20.640638
-21.573267
-32.874517
-23.496784
-23.186950
-26.906832
-24.066216
-32.418225
-26.612604
-31.574948
-24.552280
-27.221175
-27.541655
-31.837520
-31.371617
-19.139689
-31.178886
-24.592021
-26.865419
-25.287373
-22.858563
-29.977000
-23.622956
-29.777859
-26.077344
-30.187110
-24.412153
-31.712169
-23.739435
-27.451395
-24.618991
-27.028469
-22.012112
-30.042797
-32.392106
-22.506875
-32.570938
-24.659514
-27.522914
-33.230648
-27.921033
-24.689335
-26.190385
-28.061577
-24.660485
-24.268842
-34.106093
-26.886331
-19.246301
-23.169362
-22.404929
-26.085578
-21.817360
-30.512457
-32.982466
-37.092391
-37.653155
-34.496242
-20.425929
-24.198682
-22.969518
-25.103760
-29.494684
-36.942029
-22.771968
-20.380639
-28.278580
-24.318290
-34.479962
-21.555159
-31.007109
-18.077087
-33.251697
-21.057785
-22.948776
-34.652698
-34.711987
-46.689600
-33.038454
-24.021541
-17.900020
-31.153466
-34.093238
-22.010871
-29.093335
-24.574165
-24.751448
-26.114572
-30.829542
-30.277621
-25.383489
-33.338289
-26.842934
-22.549422
-33.381186
-38.693278
-23.713456
-24.323393
-20.845616
-25.666410
-25.878307
-25.076440
-26.794148
-29.086314
-28.599074
-31.555926
-28.172379
-31.985488
-27.554803
-23.077630
-24.764484
-37.419270
-26.217930
-30.141552
-25.041995
-20.533100
-34.467853
-32.221231
-31.209475
-27.834534
-25.835617
-28.601696
-34.618294
-27.278434
-23.634644
-37.734460
-23.767065
-26.161158
-20.004758
-27.785293
-32.529189
-22.708605
-25.495812
-33.371944
-24.414105
-21.579949
-20.531593
-21.218239
-19.788430
-27.117463
-22.873342
-38.309304
-23.657069
-28.197838
-22.792102
-29.690477
-19.989953
-36.790117
-26.731481
-29.260042
-32.790597
-23.039004
-32.627306
-34.396341
-33.701433
-26.312178
-33.132770
-21.636578
-31.002631
-19.338278
-21.082525
-28.937365
-28.912843
-32.682787
-25.549114
-23.584632
-18.746484
-25.679981
-33.211764
-21.927523
-53.728145
-27.934726
-21.635104
-31.141554
-28.637745
-29.811160
-35.763082
-27.998286
-29.162689
-36.393597
-27.045780
-28.752905
-30.809429
-24.545374
-26.039142
-20.475680
-22.688392
-24.425033
-31.377227
-27.831464
-18.918723
-26.961286
-32.266069
-33.611965
-26.421018
-32.058401
-33.154814
-34.443268
-32.424291
-32.062476
-29.881322
-27.468132
-31.740248
-39.241313
-29.805585
-31.640965
-31.019581
-25.518016
-32.312246
-24.603075
-29.894735
-26.539083
-26.061193
-40.583793
-38.710742
-34.743144
-23.415798
-29.816915
-23.863426
-26.907523
-21.930311
-19.780133
-18.993932
-28.673229
-21.371178
-26.859553
-25.440618
-23.588745
-23.377389
-28.133663
-23.489746
-24.853667
-28.690566
-30.398334
-24.615586
-25.872630
-29.142906
-39.786949
-21.443806
-26.207962
-22.549433
-25.750872
-26.846739
-32.215674
-23.622696
-23.472088
-19.664094
-28.716014
-25.302520
-27.399162
-25.528818
-37.326346
-23.903901
-22.207757
-27.179373
-35.035284
-29.745561
-33.444467
-28.100814
-30.014069
-20.508456
-25.319464
-27.216797
-24.512090
-24.713937
-24.951036
-35.367245
-27.807093
-28.634692
-25.300479
-22.856291
-28.683431
-33.994497
-22.979782
-19.072541
-35.296850
-35.144237
-33.812860
-26.470292
-26.873674
-24.328505
-41.870285
-21.534608
-30.557252
-21.977037
-24.962077
-32.819300
-25.968252
-24.977911
-22.803774
-26.735548
-24.566429
-22.399332
-29.846748
-28.152114
-25.367860
-32.280159
-31.200192
-27.996204
-37.802900
-28.111403
-24.616951
-21.542543
-33.435227
-31.329715
-27.348788
-23.439830
-22.428201
-28.842053
-30.511288
-25.071787
-29.846306
-20.286378
-20.888488
-21.799771
-34.796832
-20.970090
-28.897058
-27.657952
-25.595066
-20.190116
-23.704870
-23.066646
-28.916234
-24.275809
-20.502699
-25.836357
-26.232869
-21.994200
-24.820535
-30.023362
-23.963386
-47.765913
-20.312186
-18.613572
-26.136460
-27.301043
-25.842102
-23.973807
-26.655292
-29.849674
-28.742165
-30.689089
-24.698094
-27.954026
-37.756210
-20.772165
-25.332384
-23.637786
-21.931640
-28.458988
-24.644636
-24.987501
-21.467570
-27.912254
-41.177873
-34.303435
-24.903853
-25.679344
-49.648190
-24.749128
-34.087924
-32.672380
-25.879833
-30.478801
-31.398199
-20.477796
-26.396865
-30.530968
-33.063795
-27.219556
-30.405579
-29.441743
-23.939153
-28.044869
-22.617499
-26.449897
-50.811379
-29.538024
-38.317795
-26.179506
-22.130582
-24.713930
-25.556468
-20.935370
-20.975679
-25.507187
-17.787345
-24.454230
-33.629425
-24.085277
-36.314152
-39.737963
-25.179574
-29.567552
-31.567516
-29.053819
-36.279475
-28.297368
-25.664637
-29.420450
-23.247757
-25.391769
-38.076706
-28.332782
-28.290127
-27.362427
-26.478350
-27.506649
-28.412011
-22.856172
-30.809013
-26.078386
-33.438058
-26.666494
-20.161074
-22.989127
-34.071738
-24.758407
-25.927584
-26.516628
-33.886630
-26.979795
-23.108209
-26.068203
-32.382886
-25.096292
-29.131021
-24.239553
-30.810852
-26.924793
-27.309915
-36.905782
-23.712602
-40.429409
-32.505236
-24.928877
-29.476047
-16.876474
-23.952867
-28.423868
-24.920181
-30.148030
-22.016637
-29.617594
-35.511993
-27.309072
-28.282235
-35.483135
-31.522661
-37.567560
-25.249861
-24.849161
-28.789688
-32.765358
-24.813873
-26.577733
-23.796628
-39.243552
-23.659971
-31.827826
-26.316321
-28.898502
-34.029554
-35.945611
-27.281494
-27.558217
-20.046630
-34.623858
-30.266459
-23.931612
-24.570236
-32.707083
-26.466161
-31.864052
-54.942690
-23.199132
-27.817451
-23.498297
-30.164965
-28.025274
-19.295966
-23.820566
-32.768715
-20.520033
-24.938658
-35.298685
-30.310415
-29.429198
-25.026664
-23.331169
-26.507636
-25.323309
-39.941364
-42.472735
-19.846483
-24.775098
-24.739686
-31.871887
-29.585434
-33.647372
-34.927753
-28.172952
-26.727173
-28.904433
-35.082577
-20.089411
-23.979936
-29.918707
-20.961433
-28.505275
-29.457451
-25.038983
-31.532774
-23.995261
-28.239635
-40.605458
-26.601633
-24.645664
-27.003069
-32.703117
-31.177352
-28.681582
-28.818295
-25.260572
-26.633921
-24.434089
-23.604291
-32.615279
-28.308219
-40.774243
-25.142233
-35.770548
-26.945148
-30.077770
-31.662148
-21.776293
-27.151688
-32.634577
-21.413683
-28.114473
-23.449962
-33.473879
-19.643515
-25.164271
-25.439719
-31.040152
-26.820192
-21.003391
-26.817318
-24.137185
-29.056074
-29.917690
-19.592938
-25.146438
-38.046615
-22.399980
-35.029036
-32.279738
-32.388253
-28.539680
-22.332156
-26.548922
-21.597204
-33.775481
-24.139713
-27.935960
-34.916852
-25.788190
-21.191063
-23.252976
-20.830474
-24.790923
-22.693004
-27.813481
-24.955463
-24.789240
-23.239481
-33.020149
-20.567410
-22.719174
-24.175684
-34.770386
-27.964926
-28.608585
-43.401411
-26.754966
-24.156129
-39.577185
-22.740835
-25.737329
-31.027764
-24.987145
-30.107661
-20.470644
-32.938401
-25.838535
-31.774233
-30.057933
-22.627139
-18.225309
-30.321893
-27.515866
-29.892016
-26.017816
-29.805879
-25.043778
-28.329205
-29.974458
-29.559227
-27.152063
-25.461385
-27.819332
-30.517525
-26.483498
-28.275741
-38.390398
-24.316427
-47.073687
-29.583719
-34.648822
-29.284601
-20.978900
-25.400055
-24.056424
-24.199793
-24.004866
-34.238937
-23.955490
-19.934251
-30.333963
-48.718996
-28.258482
-26.337893
-31.189396
-26.448934
-28.691985
-23.973105
-22.068007
-27.109254
-29.278758
-33.469122
-22.053624
-29.521078
-33.497750
-21.286982
-30.607124
-30.558832
-29.698944
-18.045071
-25.175347
-23.783101
-23.415895
-32.959231
-27.017305
-23.541789
-23.815799
-23.959355
-24.280595
-31.416135
-20.491970
-24.658361
-22.146449
-25.674093
-29.050827
-28.757476
-24.491990
-22.200436
-33.353233
-36.816709
-23.597897
-36.930538
-33.066591
-40.521697
-24.003204
-19.425459
-26.466924
-34.964833
-27.725212
-23.770560
-27.406389
-28.053922
-29.783988
-30.672755
-21.512120
-29.868306
-21.800058
-30.206377
-27.516485
-33.330208
-40.938783
-27.043812
-29.785349
-27.170544
-30.386286
-19.623124
-21.000690
-22.605066
-21.077811
-25.057348
-23.579885
-30.842050
-24.789804
-28.407165
-20.776665
-31.426812
-38.094181
-29.072956
-22.570673
-28.970354
-30.499512
-30.619118
-26.899027
-22.738625
-29.835915
-25.975561
-22.661087
-32.684716
-25.703633
-44.148151
-21.233861
-24.557443
-35.433317
-27.082612
-20.183068
-26.760577
-38.165226
-33.482093
-24.432964
-33.973108
-22.869577
-24.197587
-35.023056
-26.788909
-30.467045
-29.137021
-36.476003
-26.743331
-29.135243
-24.267251
-25.018232
-21.276072
-25.535724
-33.810554
-20.082839
-33.101789
-21.376491
-26.035604
-23.599409
-27.985504
-28.149004
-28.485886
-24.364005
-26.927219
-23.613382
-45.898891
-27.206672
-20.300811
-28.980968
-21.758945
-26.402315
-24.573165
-23.600175
-26.716869
-29.032122
-23.655904
-26.339767
-26.985769
-41.430970
-23.694619
-23.165792
-21.680767
-25.753009
-34.855057
-26.579282
-25.156745
-24.966770
-22.546753
-25.886830
-30.429618
-28.766276
-23.996629
-23.511415
-20.150888
-20.672666
-34.833800
-33.063963
-28.491501
-30.179723
-25.407212
-21.646234
-24.715300
-23.757886
-31.352593
-28.001371
-25.806522
-24.628540
-26.628075
-41.956752
-29.003697
-19.035684
-27.731575
-26.632454
-29.168920
-17.298478
-24.119090
-25.442316
-49.804925
-24.478494
-22.279051
-21.037709
-29.665149
-35.768966
-34.765562
-35.976977
-28.585319
-22.822919
-35.775537
-23.320242
-27.641928
-25.477916
-25.255863
-26.911211
-31.190106
-32.385931
-35.066417
-21.357780
-24.230674
-20.986268
-34.570605
-24.332118
-21.847398
-26.256008
-26.434441
-32.311960
-19.134341
-34.471909
-19.804005
-27.233784
-24.650073
-26.031991
-24.689072
-22.054381
-28.127037
-23.717121
-24.186496
-25.639293
-35.865023
-36.292193
-45.736186
-27.222672
-24.226284
-21.795264
-22.476079
-23.224275
-27.357391
-43.973759
-27.509928
-37.505091
-37.012910
-24.322089
-27.003145
-30.015497
-25.311141
-31.145785
-27.754251
-24.872079
-27.985138
-29.253988
-22.961014
-28.235195
-22.167035
-23.847397
-27.296243
-30.324576
-29.042159
-22.614181
-20.598915
-24.315198
-16.746323
-34.301080
-25.362218
-34.297392
-29.724428
-37.560417
-23.960175
-24.992031
-22.740120
-23.533391
-29.838960
-21.602111
-32.890270
-22.637487
-24.230262
-22.775101
-25.627805
-24.843825
-30.601176
-32.126666
-26.559596
-30.297861
-43.995704
-32.120019
-23.249146
-23.109527
-29.973703
-33.169500
-31.361498
-24.130178
-26.063923
-42.303977
-20.343417
-24.886494
-30.662358
-19.539807
-31.817551
-40.393785
-26.314458
-33.826372
-31.631075
-20.828496
-30.438248
-29.533218
-23.122303
-31.057734
-24.813587
-28.662894
-34.533100
-22.562922
-29.683396
-27.765294
-25.791937
-33.694951
-25.403323
-26.887397
-23.503469
-21.454943
-22.770066
-26.056198
-25.857349
-23.835587
-30.700533
-22.231341
-22.884232
-34.665064
-34.481083
-23.056605
-35.282421
-39.092134
-26.890822
-27.490218
-28.961327
-21.147373
-28.519161
-36.036756
-23.654490
-31.733507
-21.102459
-31.653569
-29.159132
-37.379851
-26.278297
-25.136068
-21.698629
-36.375981
-21.961165
-24.049434
