-10.243512
-5.381236
-11.280727
-10.619561
-8.046520
-4.939381
-10.726946
-7.052011
-9.008367
-4.646042
-11.775188
-11.800140
-8.549896
-3.249157
-8.180131
-14.856140
-6.403115
-9.274100
-8.312240
-13.544796
-6.865070
-8.968832
-14.653609
-13.316045
-12.613135
-7.333927
-6.130398
-10.863765
-13.534577
-10.173090
-9.397163
-5.996098
-8.253684
-9.331367
-7.549568
-13.637002
-7.840722
-10.232309
-5.473747
-6.023272
-9.565830
-8.235063
-6.188910
-6.623752
-18.085462
-7.978354
-5.653604
-4.156978
-4.505923
-4.743203
-5.730327
-7.675296
-3.662429
-5.498137
-5.277495
-9.691383
-3.289387
-9.296417
-9.996222
-6.140631
-5.325893
-5.246934
-8.075262
-12.003010
-6.560288
-10.029525
-6.667651
-11.014655
-7.707720
-8.756052
-7.228725
-10.990793
-8.908403
-7.131282
-12.390888
-9.903451
-10.830645
-5.526726
-8.121699
-5.618176
-10.322433
-10.504156
-6.203002
-8.079495
-6.495184
-6.975335
-6.232727
-6.660624
-10.654204
-5.912388
-12.653479
-7.929395
-4.337766
-7.939634
-12.287690
-9.955488
-12.286040
-8.077147
-5.555992
-11.373426
-6.733455
-5.996136
-8.692127
-6.880033
-4.730514
-11.985381
-6.700088
-5.796765
-5.673275
-8.837921
-24.156894
-17.247476
-4.906479
-4.690736
-11.059875
-14.449789
-4.363272
-10.284238
-7.012481
-5.381676
-7.284434
-8.887829
-12.914661
-12.215481
-9.480060
-6.575228
-3.167136
-5.373330
-8.005468
-8.205263
-11.491138
-8.256428
-5.512565
-8.159150
-11.048404
-8.939765
-6.560654
-8.852635
-5.443454
-9.302144
-5.768486
-14.248459
-9.523082
-5.061934
-6.345997
-11.415152
-17.090598
-7.534460
-9.165894
-5.506529
-14.441268
-10.173129
-13.567112
-15.220917
-12.822008
-8.641410
-10.442188
-9.100834
-4.530410
-16.984268
-14.484279
-5.592833
-6.820727
-8.669772
-3.535210
-5.861265
-11.996117
-12.060925
-8.625911
-11.444228
-17.581541
-10.921796
-7.417914
-6.759193
-3.151311
-5.450190
-9.098037
-4.504162
-5.162644
-11.518135
-7.442120
-8.638537
-21.459885
-7.005358
-7.519679
-8.195840
-6.439161
-10.312276
-9.079523
-13.652388
-7.698235
-35.910754
-8.055896
-6.247668
-8.937104
-6.854643
-7.314165
-6.946795
-12.555151
-12.336365
-7.376020
-13.148417
-4.596276
-4.507399
-7.622896
-11.560131
-5.187024
-9.677088
-6.272078
-6.340121
-10.214116
-6.984268
-5.641565
-12.568088
-3.723541
-8.961407
-6.503758
-6.221083
-13.958669
-5.872017
-5.982721
-6.825630
-12.437653
-5.699306
-7.670787
-4.882100
-6.578922
-4.446064
-4.533304
-8.691712
-12.473434
-7.275900
-5.453379
-4.810710
-8.473333
-8.727615
-9.439365
-14.839800
-10.350898
-6.705634
-7.432378
-15.645680
-5.701630
-9.216041
-15.042270
-15.316173
-12.145345
-9.671855
-4.034848
-8.542451
-13.731630
-21.724183
-7.840493
-13.991533
-5.936626
-8.142577
-8.590719
-3.155720
-5.751403
-5.913491
-3.739513
-4.965352
-16.072246
-15.192180
-9.086076
-15.445402
-9.780548
-5.659964
-4.405347
-8.302568
-9.675710
-4.273379
-9.099773
-6.734395
-13.842324
-15.096956
-5.782202
-10.007030
-17.925358
-8.820851
-17.811502
-2.963106
-11.403478
-7.876571
-6.457027
-7.587589
-6.251339
-7.130629
-5.796267
-4.330555
-4.057121
-3.491252
-3.633917
-9.084106
-11.043714
-24.242460
-10.033528
-16.578361
-4.966590
-11.009053
-2.693300
-4.768991
-8.418071
-13.587320
-6.747412
-12.617732
-9.990366
-5.281402
-7.218710
-9.168695
-7.835705
-13.099266
-4.951729
-7.296630
-25.109195
-10.087206
-8.573858
-8.362906
-11.553504
-4.329070
-7.761868
-6.170840
-8.835259
-11.455334
-11.409038
-8.825942
-4.053816
-18.332671
-5.724096
-9.654965
-13.857729
-4.548449
-9.112359
-4.483967
-12.495965
-6.084486
-9.200626
-14.354932
-8.126868
-4.663816
-12.059300
-12.101349
-10.127241
-10.580305
-11.176707
-8.401662
-4.858301
-13.084650
-4.368260
-8.291272
-13.758077
-5.108470
-13.397356
-9.930007
-6.253780
-13.692241
-21.696114
-7.271085
-7.810156
-4.765477
-8.328921
-6.290289
-9.844519
-6.123964
-10.389106
-6.338529
-13.672711
-13.210847
-7.691910
-7.642504
-13.412727
-5.984343
-7.025503
-9.741970
-8.966726
-7.261175
-8.143376
-4.964449
-8.711777
-8.380615
-11.597302
-7.222645
-14.330455
-8.524594
-5.393107
-11.915711
-6.935430
-11.907954
-8.190339
-6.519485
-7.640416
-8.833222
-7.055784
-7.805039
-7.946431
-11.666650
-10.241715
-11.364000
-5.773285
-9.100796
-14.334604
-4.107822
-8.077927
-7.470575
-4.419489
-6.356009
-13.056381
-16.142678
-12.776826
-5.088011
-16.885617
-7.193615
-8.652278
-6.030084
-6.480929
-7.602947
-9.614846
-15.981021
-6.721691
-15.678902
-4.874170
-8.062549
-5.017867
-6.098979
-8.145506
-10.689948
-11.303977
-4.100057
-4.120782
-5.917611
-5.793348
-7.206812
-7.486674
-10.649265
-4.186281
-9.559973
-11.578578
-9.386419
-9.416320
-8.669606
-13.661248
-7.157847
-7.727575
-3.939266
-8.505584
-5.113280
-6.413757
-6.759931
-11.058254
-12.570440
-8.448738
-2.299384
-9.186290
-10.652745
-8.905951
-5.372720
-6.838247
-2.882500
-9.230708
-11.361042
-20.101374
-6.239958
-5.109339
-4.897388
-8.384089
-6.052122
-4.721003
-7.737276
-5.669943
-5.209414
-6.445009
-10.584342
-8.282159
-22.450538
-7.613617
-4.920061
-7.510409
-7.287009
-5.962127
-5.345568
-6.882187
-5.488959
-6.260578
-8.504399
-10.688266
-8.705927
-9.431019
-5.789509
-7.302438
-18.299618
-3.761540
-2.491886
-5.917496
-5.284425
-6.257130
-6.861480
-14.960682
-7.681708
-17.675678
-5.140249
-18.869127
-9.751799
-4.602230
-3.590241
-5.494856
-5.111635
-7.567314
-6.758681
-17.088056
-13.459940
-16.134865
-17.086450
-3.216237
-10.790513
-6.890762
-5.415689
-5.484710
-9.236105
-5.490454
-8.527536
-4.432078
-5.627590
-11.562815
-10.485434
-6.981038
-7.391980
-4.399513
-11.303779
-14.449142
-5.608460
-4.869834
-6.398925
-6.494332
-8.378442
-3.162023
-6.924302
-6.372114
-8.382709
-11.697884
-6.723142
-11.531429
-6.114526
-11.019054
-6.204741
-5.070823
-12.670687
-7.586205
-7.852111
-8.156115
-6.647733
-7.337077
-10.355829
-6.008986
-10.641082
-15.527630
-22.057621
-20.842819
-6.656150
-12.319335
-6.444760
-18.551236
-8.271240
-10.994495
-11.167864
-5.292374
-6.937866
-5.059649
-13.478415
-8.225273
-9.129418
-6.451764
-12.976149
-12.080401
-7.864292
-6.634704
-4.046324
-5.169132
-11.177980
-7.824998
-7.742585
-4.072147
-10.715393
-7.892468
-14.460051
-4.693476
-7.216766
-7.199499
-5.186352
-10.770954
-11.579513
-8.781949
-5.087903
-6.262806
-9.689127
-5.420155
-6.238414
-6.740150
-5.590337
-10.367103
-9.129619
-16.757462
-6.953181
-14.480237
-7.102318
-8.852152
-12.058386
-5.202999
-9.427062
-14.754440
-10.798630
-6.429473
-9.253092
-8.459166
-4.185260
-5.393636
-7.298436
-7.873721
-3.123449
-5.477737
-5.139190
-5.904779
-6.720258
-20.936912
-5.745009
-6.443602
-4.573966
-16.750524
-8.012281
-7.380758
-9.162730
-15.241453
-13.582855
-7.436806
-4.418649
-14.613304
-5.438842
-7.331877
-6.705003
-13.747077
-8.419633
-4.914440
-5.276771
-5.845818
-6.447157
-7.536106
-9.931961
-7.785138
-15.687039
-7.800420
-4.101066
-6.709453
-11.153279
-9.029161
-10.576262
-4.909616
-6.598178
-4.205000
-4.393450
-4.588210
-11.677771
-9.026449
-8.360309
-6.410205
-12.835269
-6.902240
-9.090201
-11.371835
-4.402389
-4.344972
-14.694396
-9.943065
-12.942769
-10.883825
-8.579151
-10.525319
-14.076355
-5.458439
-13.311312
-7.356223
-15.399204
-17.656542
-6.630742
-11.054457
-6.062617
-3.769056
-4.630258
-3.117021
-19.081388
-13.789941
-12.334504
-6.359048
-4.176739
-10.955846
-5.575367
-11.023049
-6.744842
-5.269470
-9.248932
-7.437974
-3.318494
-2.416319
-13.143691
-7.969987
-6.933368
-8.838427
-5.682455
-9.364442
-6.664145
-9.714480
-5.711481
-5.426419
-10.109267
-6.339192
-4.038700
-6.032438
-12.505006
-7.761345
-7.279215
-8.072404
-14.863810
-6.436331
-6.198118
-7.573763
-6.101864
-8.615064
-16.074518
-18.742371
-22.697430
-5.121881
-8.121259
-5.563533
-6.459737
-11.688284
-8.908866
-9.804189
-7.453964
-7.710290
-4.592057
-5.863142
-5.970271
-16.895836
-4.702905
-3.703778
-4.095593
-11.597132
-5.061301
-5.955692
-9.328836
-4.554351
-5.336177
-13.515268
-20.156749
-6.272195
-5.774239
-7.067613
-5.987413
-10.860905
-6.915838
-16.701761
-15.043522
-5.160759
-8.733636
-4.774745
-15.130555
-13.100103
-6.135825
-11.359448
-4.436574
-7.117608
-3.547915
-13.137375
-4.424888
-6.753875
-11.566477
-9.659069
-5.442215
-14.688298
-5.067957
-8.773906
-16.681262
-9.765185
-6.404303
-11.756102
-7.787250
-8.715757
-4.018054
-7.622066
-6.157681
-29.768969
-5.473016
-13.718608
-7.820942
-15.588234
-18.635329
-3.588157
-4.439872
-2.976683
-5.546234
-8.675453
-6.365496
-10.334335
-10.028667
-6.594969
-7.763806
-8.146344
-5.571093
-6.513436
-12.672783
-7.466476
-10.693699
-9.710235
-3.262079
-9.223222
-9.476248
-14.020693
-16.215501
-9.529494
-3.952479
-5.701557
-9.152833
-5.087637
-3.677585
-9.949476
-16.308810
-9.090439
-5.218017
-6.261961
-7.425461
-9.331814
-6.714208
-7.619698
-11.992967
-6.740121
-14.689593
-14.837113
-4.698615
-8.994663
-29.087529
-7.629627
-5.674697
-11.525045
-11.292579
-6.175423
-11.782531
-8.798775
-4.565126
-15.115264
-10.796265
-5.464355
-6.148508
-8.218516
-17.413128
-26.911404
-14.736530
-5.877966
-22.872824
-8.741726
-11.359884
-4.149091
-8.691750
-8.004219
-14.917306
-6.601677
-11.561794
-14.681505
-9.464699
-14.485328
-11.221493
-8.226300
-5.023715
-9.540770
-10.431583
-8.692071
-9.548020
-7.225633
-9.053091
-8.123043
-8.099486
-8.466658
-10.327921
-11.591192
-7.456766
-8.978738
-6.485932
-7.121478
-24.301961
-10.012405
-14.647806
-16.875681
-8.150567
-12.403761
-7.300743
-5.918524
-5.136548
-8.423690
-8.922461
-13.490413
-13.995334
-9.025738
-21.944025
-5.089007
-4.487374
-6.436084
-10.524004
-13.331779
-5.995223
-8.870119
-5.689741
-5.622554
-7.151422
-14.315860
-7.145893
-6.237220
-16.104789
-19.260319
-29.520975
-8.821213
-7.760157
-6.300448
-21.433086
-8.181998
-9.333528
-15.729702
-11.398459
-7.256120
-6.554110
-4.075437
-9.264753
-6.142682
-6.310780
-9.090708
-9.256628
-11.387755
-9.491055
-6.923376
-10.295985
-5.591419
-8.915294
-13.054160
-4.673493
-12.326784
-16.354366
-7.818569
-8.131092
-8.292954
-11.137764
-13.165622
-16.190648
-6.863959
-8.593344
-9.783702
-6.085428
-3.285111
-11.543198
-4.556630
-5.164873
-18.407025
-8.614541
-6.436979
-6.687279
-18.948218
-5.536961
-13.035711
-6.251363
-11.609603
-8.216445
-18.172767
-12.914920
-7.462984
-4.846539
-12.296056
-11.076792
-17.044155
-9.798233
-8.527339
-6.109259
-8.201673
-7.895212
-11.880159
-6.308129
-5.730472
-5.646596
-8.890886
-7.008694
-7.909555
-4.181888
-9.473002
-11.222042
-7.451556
-4.537125
-5.091398
-12.172848
-5.171837
-13.230798
-4.567064
-7.021374
-20.758813
-9.728186
-14.635715
-9.512159
