-44.692662
-40.406417
-46.344553
-48.308189
-43.551595
-39.543327
-43.015763
-44.398281
-46.569199
-49.069632
-42.906186
-47.227088
-39.423663
-42.702551
-49.491566
-51.390811
-43.523210
-53.508369
-52.205116
-44.765970
-54.236290
-48.408949
-63.187943
-45.891589
-50.306879
-52.023303
-38.902740
-57.325181
-37.400857
-38.400647
-47.548736
-48.012001
-41.709185
-39.909967
-49.352329
-46.478592
-48.528570
-48.928712
-39.205800
-54.386554
-45.955303
-43.384017
-40.341095
-40.644785
-56.279993
-42.909548
-58.598136
-41.554605
-47.279132
-44.688230
-44.393949
-47.888416
-38.934161
-45.277318
-54.597040
-48.245698
-44.517394
-47.066844
-37.886281
-40.439851
-52.440560
-49.612159
-46.372259
-57.552698
-46.850517
-46.046770
-47.491909
-47.814649
-47.775432
-41.065285
-36.747285
-43.255834
-47.887547
-41.654090
-54.263014
-48.379396
-47.757709
-42.910171
-39.559948
-74.313362
-48.080295
-41.484002
-39.763267
-50.748782
-44.421275
-47.785011
-45.706199
-51.615993
-39.946142
-49.095314
-41.414168
-47.112751
-41.402222
-55.412128
-43.973904
-38.401705
-38.349569
-37.452683
-44.891063
-56.328614
-57.297320
-43.979678
-44.981986
-46.841553
-39.198882
-40.960858
-49.470304
-50.139588
-41.840189
-38.263915
-51.819866
-43.497697
-52.738293
-44.218103
-45.384241
-40.442040
-39.500964
-38.547137
-48.890276
-44.890516
-54.326295
-47.319234
-68.795842
-46.309877
-55.120990
-45.812933
-40.403806
-42.752550
-47.299256
-49.793142
-48.830806
-50.552306
-49.528125
-42.329108
-41.594997
-40.202430
-45.628929
-57.900213
-54.266630
-37.770980
-62.933143
-53.804146
-43.029105
-39.173366
-49.471489
-40.922954
-44.445245
-43.627676
-54.229672
-42.047578
-45.091540
-55.579716
-41.245608
-50.458845
-39.559136
-46.051270
-52.747867
-59.362374
-44.982314
-43.077112
-42.516974
-43.666564
-41.645500
-42.619818
-43.766785
-48.496520
-48.901306
-44.753281
-43.547077
-50.953201
-46.336886
-49.458433
-38.468849
-53.783045
-43.729087
-41.855407
-42.758629
-47.387418
-58.918602
-53.853837
-57.393195
-42.192977
-44.480215
-56.374819
-43.366173
-43.172745
-56.941381
-45.658045
-42.376810
-46.440301
-51.361595
-48.899904
-51.421843
-46.039801
-37.623039
-45.653044
-41.417811
-45.159068
-42.823248
-42.432770
-45.326669
-39.115475
-41.571994
-45.528172
-50.888514
-53.981479
-40.035081
-49.459395
-50.638973
-56.325341
-50.170412
-46.776333
-46.812811
-38.910883
-39.466271
-49.704088
-39.355238
-43.267213
-46.214046
-41.757853
-37.609871
-45.152053
-46.224307
-42.444363
-52.073296
-53.270511
-41.071155
-44.934238
-41.120970
-52.444329
-42.416722
-64.909479
-48.922572
-45.114515
-38.124411
-42.432363
-55.788138
-45.345992
-46.848886
-40.995203
-55.186541
-50.910417
-41.631801
-49.818922
-49.977073
-43.686701
-43.936396
-42.236968
-45.485195
-40.149338
-40.298704
-44.776745
-54.096331
-44.555191
-46.067491
-55.667859
-42.442806
-48.226579
-50.694471
-48.705210
-50.352465
-38.753941
-52.442758
-37.530696
-47.187992
-72.590639
-46.257606
-48.616780
-42.161373
-44.511691
-49.147965
-47.626506
-44.409633
-53.679384
-45.891687
-50.834136
-38.763860
-42.528269
-53.966698
-48.725468
-49.137504
-48.263476
-40.243706
-44.976599
-51.714006
-40.881479
-55.960483
-42.557920
-46.988125
-43.616609
-41.299789
-45.907077
-39.894925
-42.826269
-54.594453
-53.041810
-41.918748
-42.826204
-47.141531
-53.197538
-50.648293
-41.968970
-43.771450
-49.972734
-48.358254
-48.354972
-46.268285
-39.669026
-43.471415
-47.242912
-43.676630
-46.364222
-45.584664
-50.859689
-40.601444
-46.559820
-51.525794
-40.286941
-53.546489
-40.259012
-49.757664
-49.918977
-41.768708
-43.637976
-48.649820
-39.124399
-46.275120
-48.820854
-47.022023
-48.434829
-56.842297
-51.517347
-44.066337
-43.909878
-40.138167
-48.090446
-40.553960
-43.134159
-57.679728
-44.748650
-45.874062
-39.018130
-61.082893
-47.776100
-37.553044
-49.628164
-46.892684
-47.618128
-49.792281
-51.154554
-54.364617
-44.242099
-47.197883
-39.748304
-43.768968
-45.368263
-42.555643
-41.297117
-44.949617
-51.176263
-54.319831
-43.150800
-47.390760
-45.454875
-43.012344
-42.353844
-38.950415
-44.892514
-54.185524
-44.972841
-44.006837
-45.537609
-47.425951
-49.611823
-45.157675
-61.999030
-45.417145
-40.282291
-41.526627
-44.546193
-45.160002
-43.177547
-38.820787
-41.239764
-42.612267
-49.416773
-45.332679
-49.748178
-46.504653
-50.171992
-49.553488
-45.336249
-46.809137
-53.937063
-40.196656
-49.351399
-44.655488
-52.753203
-51.469435
-54.559534
-41.885354
-43.247196
-49.190183
-49.542020
-55.588585
-50.503431
-44.587671
-44.568040
-45.358238
-42.007533
-48.150131
-37.191716
-50.324798
-44.098759
-45.214516
-42.860215
-39.753425
-48.908161
-55.387488
-48.012752
-44.269309
-44.755938
-45.905912
-45.821079
-56.479742
-51.526166
-55.636114
-49.056598
-42.726143
-46.586040
-50.442985
-46.642485
-39.184066
-37.886757
-42.306865
-50.401407
-46.565261
-48.776760
-36.029546
-48.406821
-45.167838
-39.762431
-41.153581
-43.743769
-54.208360
-37.802208
-47.157603
-55.770736
-55.221469
-46.974394
-42.830580
-62.449051
-45.098029
-41.967284
-48.673734
-50.459754
-55.217793
-42.659984
-46.388502
-45.807154
-39.765049
-46.677783
-48.499612
-51.150407
-54.796636
-47.707645
-54.848922
-52.103755
-47.446611
-49.118695
-46.120014
-39.991036
-46.859459
-59.167415
-46.340550
-56.852208
-43.920091
-43.024158
-53.568628
-46.488141
-52.198114
-45.679526
-44.618347
-45.904669
-42.583605
-51.777016
-47.939125
-50.225093
-42.560989
-45.060530
-48.079505
-44.411885
-45.786667
-51.853747
-41.891832
-44.711050
-61.112012
-44.487982
-45.803525
-45.356189
-49.313756
-43.712302
-49.035726
-45.262409
-44.848835
-47.830151
-53.811732
-43.595290
-41.233572
-50.751980
-52.528596
-44.069845
-45.377187
-45.171293
-46.636777
-47.439602
-44.624818
-44.564201
-40.500078
-49.037586
-47.608663
-49.179687
-46.758696
-41.664798
-46.959974
-47.135816
-47.921338
-46.541486
-72.394424
-61.138223
-45.199327
-45.281390
-43.637431
-42.948241
-45.110968
-47.276110
-38.880384
-40.917577
-40.922799
-42.197618
-40.722411
-45.622595
-50.177075
-44.018810
-59.323914
-39.930627
-51.404595
-42.109875
-55.521946
-46.349486
-46.720649
-78.660402
-46.369329
-41.584915
-69.954411
-48.222263
-45.802591
-36.590179
-48.152289
-40.784472
-51.132143
-41.356914
-46.808849
-49.944837
-47.914034
-45.678363
-46.226516
-40.882107
-54.024464
-42.092616
-46.348645
-49.322190
-47.099101
-43.671762
-50.794124
-50.951280
-58.802019
-39.173899
-44.878974
-41.274950
-53.135738
-40.487074
-47.249977
-42.802130
-46.235782
-51.081419
-49.483128
-50.619298
-43.594752
-59.887355
-44.779485
-47.698005
-42.156267
-36.918907
-43.300481
-46.373070
-47.914008
-36.400869
-42.429273
-45.958445
-43.677168
-48.234924
-42.602013
-45.647953
-50.645063
-42.088249
-48.949666
-42.719159
-46.124413
-54.192003
-46.356496
-39.042805
-52.851177
-45.836268
-49.842864
-44.481913
-41.150966
-51.076998
-46.393042
-51.871815
-43.864838
-57.506894
-44.963917
-57.562750
-46.278344
-49.568501
-39.323630
-44.386599
-43.059851
-44.654753
-48.966371
-51.493240
-46.280551
-52.782852
-49.919812
-41.386613
-68.064664
-52.843051
-54.794487
-45.871473
-47.678170
-43.250417
-49.369684
-40.864038
-45.526905
-47.203998
-48.623007
-44.213534
-42.401089
-44.956836
-56.420332
-61.358639
-41.250323
-51.004306
-38.965037
-44.818870
-41.797284
-51.840708
-44.679697
-40.285029
-44.151561
-42.863350
-46.838085
-42.081978
-47.988626
-37.892604
-44.802766
-37.965662
-68.861864
-50.575302
-44.466224
-43.146408
-43.476053
-49.511030
-44.974712
-45.649221
-45.929180
-47.548084
-45.044274
-54.586702
-43.812364
-50.189570
-43.062853
-62.419111
-42.970372
-38.558801
-55.009028
-41.627841
-43.249570
-40.495209
-49.889640
-41.971879
-43.604363
-50.523138
-41.743125
-37.427333
-47.184100
-52.721030
-41.950606
-55.286270
-43.486085
-39.111857
-45.322919
-47.341800
-43.108569
-40.420839
-47.205268
-41.305512
-44.067710
-43.784418
-45.083843
-46.923104
-46.124623
-43.550985
-53.012104
-47.894973
-46.921991
-44.049396
-43.042699
-43.399031
-41.298709
-47.031493
-42.050245
-46.691240
-43.571371
-47.651532
-46.983747
-38.918768
-53.339250
-49.033730
-58.892366
-42.941611
-42.609588
-40.501411
-42.683890
-44.454138
-41.265144
-45.033804
-47.125456
-45.692212
-47.225253
-58.162577
-51.433256
-45.377936
-45.275303
-50.238251
-53.166606
-46.035023
-44.799478
-54.070192
-54.663108
-52.439192
-72.217489
-44.140881
-39.546004
-46.891037
-41.910128
-48.283026
-46.926511
-44.719843
-39.124009
-42.057094
-74.428516
-48.269534
-52.552715
-40.327844
-53.554773
-52.182574
-44.890368
-41.003396
-49.298013
-47.600016
-39.490723
-72.702896
-47.598283
-40.887741
-46.199678
-39.199326
-42.704688
-41.962352
-41.439111
-39.505131
-51.398326
-40.194140
-47.389061
-42.122813
-45.420683
-47.529370
-42.359790
-40.581087
-44.328602
-45.955537
-42.882075
-51.330094
-37.097206
-47.154769
-46.751763
-53.837877
-50.629852
-44.609069
-45.310400
-41.079350
-47.125543
-42.389970
-61.516339
-44.302557
-48.707951
-56.878802
-51.934868
-48.682434
-42.721203
-61.832766
-48.288808
-54.766491
-46.215538
-55.964836
-45.912088
-49.905671
-43.510555
-51.601125
-48.825306
-46.401871
-50.377939
-40.303678
-41.603156
-42.829885
-43.421475
-51.931287
-75.505912
-46.296303
-43.303031
-52.819445
-45.513186
-45.443949
-47.463292
-47.494524
-42.966194
-38.331514
-44.145626
-52.019453
-45.600553
-49.494405
-43.582478
-41.181197
-42.539274
-43.960180
-46.306160
-44.256719
-50.296260
-42.298348
-43.840061
-48.826556
-40.632364
-45.546309
-41.299650
-59.835855
-47.331297
-57.378868
-43.801024
-47.401392
-41.261199
-45.947353
-42.757628
-43.325349
-49.748268
-37.388985
-49.224750
-50.291097
-39.084646
-52.332748
-40.509721
-48.318562
-46.727650
-41.260632
-46.076372
-48.229295
-52.143903
-49.349925
-45.132201
-52.918298
-42.909429
-44.447279
-40.646879
-46.703640
-42.636796
-45.776006
-43.903004
-45.967890
-50.627024
-41.990391
-52.836046
-41.839435
-46.064628
-40.089900
-47.582695
-47.682451
-39.087707
-58.984352
-49.174571
-47.788607
-47.450006
-47.178548
-46.299475
-47.101848
-42.611734
-47.250479
-48.732660
-47.356071
-45.409867
-45.267005
-53.235313
-46.789631
-45.693320
-42.247912
-53.618103
-40.476472
-46.286868
-47.534346
-52.697280
-40.056466
-41.029687
-44.991789
-44.263148
-47.762542
-55.646364
-52.420967
-60.388860
-44.836209
-64.929984
-57.034902
-47.264008
-44.306306
-46.711613
-47.711567
-47.236004
-47.957826
-49.675429
-46.234253
-40.181520
-50.095147
-42.708299
-42.434441
-52.033674
-48.701444
-52.036756
-52.842448
-45.023834
-49.193952
-40.724124
-39.896927
-49.461625
-41.688004
-43.878802
-43.755748
-56.274400
-41.407271
-44.027871
-37.026033
-43.942366
-52.402974
-39.541899
-53.380195
-44.067300
-48.604744
-39.780770
-46.337740
-46.466176
-49.588656
-42.426649
-37.858680
-43.199992
-63.683521
-40.954613
-56.031606
-43.746370
-45.381577
-40.510184
-47.812793
-47.045937
-45.243835
-56.358769
-41.610350
-45.096304
-47.927287
-41.086226
-46.743732
-42.993751
-48.942121
-48.780181
-44.680125
-42.954702
-59.628868
-41.449915
-42.972375
-39.001185
-44.474162
-41.709742
-46.917138
-52.427432
-56.616884
