-13.326571
-3.568039
-6.019311
-15.443705
-9.618185
-12.600684
-6.832689
-6.936701
-8.722603
-6.091114
-27.396959
-8.734062
-6.441201
-8.082803
-10.284375
-10.530344
-11.418831
-12.462216
-18.429318
-9.035185
-3.217819
-5.576554
-9.963218
-6.727558
-17.829037
-4.523326
-6.514965
-29.571857
-8.037214
-15.972356
-19.099277
-4.330304
-6.275618
-11.101598
-9.693814
-11.295261
-4.101180
-4.674445
-5.248874
-6.967466
-21.613474
-12.469079
-8.535462
-11.141037
-6.830051
-7.673569
-4.815490
-6.996318
-8.526905
-9.212483
-8.133096
-12.173633
-8.137927
-6.268910
-23.760822
-8.026593
-9.395332
-6.060784
-8.089714
-7.381315
-5.453023
-8.405358
-6.677609
-6.229193
-5.440856
-8.114069
-11.121661
-5.027850
-5.253041
-13.879596
-5.679470
-10.388623
-4.519331
-5.360812
-7.504149
-9.000027
-13.788348
-7.764265
-7.118111
-5.780542
-4.506295
-12.425016
-5.811982
-13.102614
-8.042594
-7.532227
-10.951996
-12.233451
-5.525286
-7.126384
-10.828467
-7.498404
-8.869605
-7.785087
-7.150817
-4.145382
-7.445667
-6.387081
-10.738355
-8.444147
-6.347588
-5.259947
-3.972268
-9.230286
-11.382193
-12.917598
-8.363261
-7.078238
-8.064728
-9.868591
-5.921133
-8.845704
-5.531469
-43.489119
-3.935260
-9.748287
-9.651964
-7.368202
-3.060801
-6.247816
-8.364130
-16.212340
-5.343828
-5.539239
-7.521526
-3.376752
-10.464831
-12.591971
-8.629655
-9.413113
-15.452463
-19.857706
-12.287738
-7.417336
-7.428610
-9.634130
-11.654225
-9.662631
-4.567242
-5.741324
-5.047231
-14.523726
-13.626568
-17.513388
-18.399435
-7.562929
-6.617149
-6.662778
-3.187090
-7.002230
-5.642616
-10.713453
-6.816417
-7.843542
-8.380401
-9.705429
-16.994200
-4.966851
-8.292430
-7.816388
-8.610927
-6.442427
-5.769889
-3.782132
-17.391338
-7.309381
-11.472459
-10.008690
-4.707005
-8.079870
-8.313924
-8.011051
-3.846128
-11.648406
-7.537581
-7.007518
-6.112992
-5.236217
-6.517821
-13.390304
-8.514090
-4.870187
-20.807963
-11.352075
-7.368894
-18.458164
-26.187706
-5.489207
-6.226409
-6.581510
-5.209386
-9.983917
-22.188379
-9.812732
-4.529478
-8.994621
-9.547055
-6.974819
-6.584885
-3.714079
-13.721343
-7.502157
-2.962208
-11.991204
-6.951440
-17.779014
-6.282895
-7.880381
-15.219085
-6.833639
-5.410531
-7.161220
-3.389608
-4.650916
-9.908231
-3.867996
-7.242425
-14.576125
-4.567698
-6.167690
-9.895336
-5.660495
-4.163865
-5.339709
-14.607675
-6.802628
-9.745134
-11.523809
-4.362828
-7.409703
-8.682274
-5.590838
-6.276192
-19.595074
-5.121338
-11.175509
-9.795851
-8.650289
-14.669794
-7.465866
-6.583010
-16.396645
-5.572464
-11.128452
-7.472716
-7.371651
-8.788413
-10.889593
-4.204690
-8.287445
-17.848576
-17.006888
-5.976732
-5.488151
-5.175446
-3.476512
-5.283071
-6.006627
-11.226450
-6.950790
-4.285958
-15.636612
-5.718987
-9.980176
-11.364928
-11.543678
-7.639193
-9.991623
-7.761782
-6.071053
-9.214792
-15.573526
-7.397747
-25.738340
-5.231285
-5.285730
-9.489027
-5.961466
-6.474788
-16.141825
-6.431121
-8.445848
-5.024720
-3.863824
-14.138327
-5.349208
-8.045451
-8.214398
-4.366609
-5.026064
-16.543488
-6.454466
-35.235324
-6.930475
-15.537767
-5.178097
-21.559582
-7.432715
-6.395296
-10.356533
-7.351891
-7.673670
-4.275391
-22.502562
-7.946339
-4.164226
-13.332434
-7.329070
-5.623872
-4.712376
-12.854388
-8.249947
-7.152301
-8.586665
-9.441461
-9.245894
-7.212165
-8.367557
-6.610192
-8.734141
-8.345773
-11.252626
-6.742777
-10.638298
-5.026438
-17.596282
-8.253225
-5.899423
-6.751900
-11.156942
-3.612494
-5.637732
-6.136249
-5.308897
-5.350989
-10.291647
-8.110678
-6.979107
-9.756205
-6.494266
-12.364184
-7.994547
-6.770339
-6.890561
-7.186530
-14.694455
-7.183482
-4.434398
-7.036824
-8.050934
-8.804297
-4.078002
-7.981606
-14.847278
-5.996555
-9.207343
-7.157736
-5.520668
-3.793664
-8.512242
-8.077766
-14.625695
-14.141600
-5.149334
-9.458161
-10.710247
-9.652286
-29.274619
-7.484974
-5.940948
-8.466025
-5.737833
-7.579704
-5.669699
-20.464839
-9.677470
-8.522787
-9.038339
-17.347418
-10.203916
-11.970968
-4.631858
-4.676827
-11.213614
-4.108578
-6.456225
-11.940561
-10.436320
-5.848097
-13.422492
-9.015075
-7.730836
-11.174259
-11.381645
-8.774502
-8.797556
-10.381484
-6.068258
-4.444364
-6.660409
-11.860800
-10.183661
-5.787685
-7.758964
-7.436092
-5.224947
-9.652563
-5.450989
-4.690316
-7.478234
-4.164346
-7.255368
-8.635747
-9.272749
-11.193549
-7.860372
-11.081013
-17.606442
-7.471161
-3.426073
-4.952796
-4.889374
-3.578599
-6.450280
-4.726089
-9.762489
-3.934585
-15.050268
-10.835015
-8.389874
-3.789904
-11.129120
-14.622632
-18.899786
-5.045159
-10.137336
-19.195971
-9.250740
-9.931434
-9.852861
-4.964649
-6.872413
-10.190648
-9.331223
-9.757747
-9.264117
-5.354926
-6.187586
-5.020272
-6.453590
-9.794701
-13.062694
-12.860380
-10.792961
-4.271975
-9.526376
-6.033486
-10.909434
-18.205608
-7.889178
-6.218017
-6.239653
-8.151536
-6.000545
-4.057538
-17.880125
-9.626258
-9.920316
-9.050762
-5.215543
-3.245618
-5.207676
-4.781534
-8.040196
-6.974190
-15.800539
-4.394099
-9.140180
-27.314620
-6.528004
-8.192403
-9.359851
-6.731428
-5.783913
-8.950430
-6.428604
-4.735349
-9.180810
-6.178379
-9.809409
-3.322128
-4.655753
-5.588607
-5.932356
-7.802112
-8.281476
-11.422342
-7.179655
-7.030647
-4.043080
-4.277987
-13.341614
-7.255192
-6.821415
-7.857613
-6.918375
-3.869802
-5.378002
-4.662206
-7.641417
-11.251938
-9.283295
-9.994292
-4.927557
-7.675627
-4.826865
-10.949667
-4.689174
-6.642533
-7.202489
-14.068820
-8.579869
-5.851915
-13.666445
-10.253953
-8.527499
-10.447883
-12.383891
-8.021469
-5.012366
-5.629965
-7.998918
-6.007912
-3.986554
-3.808091
-15.947684
-9.745510
-9.869159
-14.968730
-11.810279
-5.630698
-5.350673
-16.797344
-5.147854
-11.061201
-8.123066
-8.486326
-34.199802
-7.036756
-13.568997
-7.252264
-4.122786
-9.045527
-6.670992
-4.039337
-6.810709
-10.678186
-10.600267
-5.663563
-5.711662
-5.101491
-16.008879
-5.673178
-5.035399
-13.259619
-3.422418
-9.365339
-8.339424
-9.946084
-6.077990
-3.598076
-4.432155
-21.100110
-7.781933
-5.869817
-7.987132
-6.948354
-6.811488
-8.766122
-4.873248
-20.668409
-6.893681
-7.402766
-5.556657
-13.029959
-4.782498
-14.286572
-11.364855
-12.352359
-7.244497
-4.970861
-6.049793
-17.581276
-8.966599
-4.857141
-14.088815
-6.665073
-8.614471
-10.780710
-9.551855
-13.575299
-9.958829
-11.829663
-9.298465
-12.144490
-6.132174
-3.082434
-5.232134
-11.223462
-3.568941
-7.634069
-7.611998
-5.729593
-12.131403
-7.038417
-9.036560
-5.642955
-4.258565
-5.162857
-5.664514
-3.374736
-8.286901
-24.378169
-5.790420
-19.908731
-7.836052
-21.542800
-4.048215
-5.308645
-6.179310
-4.597290
-7.659416
-8.910295
-5.415931
-4.968960
-6.089438
-6.337040
-18.294794
-6.411147
-5.830538
-12.856018
-12.117615
-8.518597
-11.172730
-6.876398
-7.742338
-17.260380
-14.484144
-5.034328
-6.561188
-6.045747
-13.966172
-7.969032
-4.201303
-8.430300
-4.772789
-5.995392
-5.407133
-4.311179
-6.238817
-4.766336
-7.738804
-8.358980
-7.892130
-5.187285
-25.385076
-9.079901
-5.866904
-7.916091
-8.957297
-6.679327
-8.446737
-5.467122
-6.080052
-8.536497
-10.046103
-8.291317
-12.249963
-8.593546
-14.964718
-6.741803
-29.933974
-6.945076
-15.122032
-18.902164
-8.739101
-7.806700
-9.913691
-5.961318
-6.920182
-6.572583
-12.942359
-6.456222
-6.603395
-5.533088
-5.125147
-6.194703
-7.689163
-6.478960
-10.487425
-5.296555
-8.061009
-4.444829
-3.694701
-6.484421
-6.775467
-8.837378
-6.538425
-8.210989
-8.206012
-23.812112
-6.739212
-6.701198
-5.420082
-5.925314
-11.539478
-4.400831
-13.750951
-9.958883
-9.610553
-7.803010
-6.917003
-7.816632
-14.770044
-6.908820
-8.936332
-8.439274
-4.014753
-8.837649
-10.747005
-5.493388
-10.719373
-9.967014
-5.909792
-6.323509
-9.567054
-10.446177
-8.786865
-8.322903
-14.783783
-15.005437
-10.878891
-13.842569
-13.957575
-6.201306
-6.869702
-7.212396
-9.056303
-10.164842
-9.114807
-14.852057
-8.290849
-9.076881
-8.808588
-21.346065
-6.427485
-5.741378
-5.088911
-6.255175
-33.624954
-8.077218
-5.506172
-7.681750
-3.576068
-6.134228
-7.349613
-7.731205
-9.731794
-15.268904
-11.347339
-3.477506
-5.565206
-16.902424
-11.127165
-11.775829
-7.725147
-12.417540
-12.094236
-5.633030
-6.444973
-8.360118
-6.244778
-11.783302
-10.184489
-9.911481
-5.966517
-10.816529
-3.113746
-10.099978
-7.029937
-5.686733
-8.578767
-18.415848
-6.012636
-6.700093
-21.604744
-6.260021
-11.339989
-6.611389
-4.726198
-3.574880
-11.919210
-14.239466
-6.772010
-7.348641
-9.307383
-14.455157
-7.613293
-9.665563
-27.376014
-10.378373
-15.847651
-10.011422
-4.917887
-7.321625
-8.674534
-9.339162
-13.776435
-6.981186
-10.107087
-8.159345
-6.056970
-6.111865
-8.291300
-5.279457
-9.376605
-6.558504
-4.307049
-4.984847
-10.423749
-8.932292
-10.881723
-10.258446
-3.828837
-5.400557
-4.733112
-10.465884
-10.164354
-7.504173
-3.781336
-11.706623
-11.208023
-9.474751
-7.202425
-5.003476
-6.126620
-17.747203
-4.091992
-9.293157
-6.036907
-7.662160
-11.273736
-9.278791
-19.893616
-6.454968
-8.093875
-10.751363
-7.280347
-7.975571
-5.199707
-5.630499
-10.343030
-6.475082
-8.702512
-4.347001
-5.193078
-10.049743
-3.360926
-5.236086
-5.240041
-10.452850
-12.235712
-8.831481
-13.194906
-6.044137
-15.833266
-4.699882
-9.498548
-8.232587
-2.471232
-7.000962
-7.745979
-8.389551
-8.242100
-6.035630
-6.813712
-17.647556
-6.295870
-8.657902
-13.193222
-4.982696
-7.143011
-5.116303
-6.760635
-12.972474
-11.878952
-9.920392
-7.616664
-12.347351
-6.544892
-9.099377
-4.619899
-3.457063
-27.182285
-8.971824
-5.525212
-16.940952
-6.472398
-5.778873
-3.921454
-8.289207
-4.866649
-6.783876
-8.905780
-5.789460
-12.390482
-6.912750
-6.418683
-4.729361
-14.144672
-8.822716
-6.242336
-5.265416
-9.492680
-8.722938
-5.446607
-12.809927
-10.429174
-10.135684
-5.282927
-7.406999
-7.077053
-4.588880
-3.230643
-8.604048
-6.495260
-6.780470
-10.548537
-7.809033
-7.515996
-5.413575
-13.942140
-10.623405
-14.030534
-9.845932
-4.870044
-17.406885
-5.295577
-8.046570
-11.758470
-11.019134
-10.004576
-8.088636
-8.173619
-21.584939
-4.110440
-19.159691
-10.594105
-9.695151
-4.917098
-8.732113
-7.453420
-6.359013
-8.444088
-6.685381
-8.254647
-5.954917
-8.706842
-4.836892
-9.030779
-22.765623
-5.739194
-8.711116
-7.263058
-10.206900
-15.838358
-5.697119
-8.487132
-9.068970
-5.519701
-10.607247
-13.792644
-15.096789
-8.393754
-7.198631
-7.305865
-5.474638
-7.752052
-7.690325
-6.193426
-9.159609
-5.905461
-9.156497
-6.826620
-7.306985
-8.017627
-7.605990
-16.403916
-8.665376
-10.718111
