-54.217562
-62.088798
-41.282214
-39.058175
-36.179753
-56.538179
-42.465134
-38.696866
-47.834465
-34.484073
-41.469628
-44.603906
-44.103506
-40.369434
-46.276002
-44.418286
-43.051406
-50.188442
-38.393591
-47.690979
-35.644026
-36.693960
-39.954768
-40.774592
-49.892702
-62.656235
-51.310400
-45.193546
-39.144040
-42.466321
-47.705753
-39.833062
-42.866644
-44.156096
-32.145557
-48.163418
-33.852212
-42.266365
-37.155482
-44.116500
-41.601007
-52.830415
-39.783049
-36.521495
-48.704721
-36.411562
-54.489270
-40.959491
-42.947364
-38.550757
-39.128299
-50.597499
-37.169327
-48.589799
-42.404072
-35.601700
-41.144444
-38.344559
-39.591657
-49.503217
-42.407635
-50.802258
-45.614815
-38.414216
-70.900983
-39.002258
-41.016948
-34.149873
-42.140265
-43.756652
-33.800776
-41.259472
-57.088335
-44.710311
-39.747914
-35.119987
-37.686421
-37.189970
-36.718750
-39.970071
-41.238473
-41.355413
-48.093201
-42.062793
-40.813178
-52.764587
-43.959723
-56.215462
-40.780941
-45.279957
-67.191556
-38.066795
-42.822987
-44.295896
-42.078195
-56.368195
-40.799009
-42.377982
-37.220065
-43.490939
-38.391573
-49.000653
-42.189371
-36.649554
-44.180998
-30.923069
-35.204952
-39.093821
-45.114240
-47.130865
-57.827339
-40.880849
-43.378597
-49.951031
-36.034341
-42.250876
-47.964815
-38.410311
-41.801489
-38.680194
-45.990975
-42.831700
-46.970806
-36.605435
-34.194418
-46.765775
-45.580319
-43.496827
-37.505236
-50.579605
-44.927655
-39.910140
-35.606262
-33.825672
-36.888743
-44.885590
-45.380077
-42.465572
-37.701892
-36.328601
-34.649542
-42.331352
-38.120885
-46.672980
-49.939073
-42.762167
-37.265991
-49.380999
-32.659655
-40.181880
-44.009668
-49.581006
-39.493444
-49.489137
-34.095203
-33.868922
-41.640667
-43.780299
-37.420358
-38.668433
-51.061038
-36.546198
-41.180881
-39.984745
-42.566121
-36.345108
-38.096936
-35.983562
-38.503027
-38.547865
-43.739532
-43.759542
-34.292771
-50.616128
-46.331431
-42.960792
-47.865291
-40.808917
-33.894078
-42.752873
-51.670983
-50.529909
-50.982247
-41.422606
-38.392850
-48.052001
-38.000639
-44.326659
-41.541359
-43.860242
-37.729804
-42.040230
-48.185495
-39.605909
-42.310305
-44.701467
-43.367882
-31.492790
-41.414493
-44.237208
-47.443397
-40.822005
-42.278173
-36.292361
-45.717210
-37.097700
-40.953012
-41.068023
-39.193831
-55.199582
-30.425257
-44.044805
-38.755445
-39.374633
-55.585381
-45.936526
-55.256203
-50.130023
-33.958096
-35.453756
-51.036057
-44.446727
-58.822582
-43.784428
-47.091004
-37.009354
-39.011128
-38.532280
-45.983203
-37.547644
-48.121179
-43.437766
-54.767084
-38.857766
-45.500067
-52.171144
-38.138805
-41.300910
-36.461048
-42.969770
-36.377080
-50.016956
-41.449857
-44.271517
-42.369581
-48.896530
-33.155373
-42.365086
-36.762780
-43.719170
-50.154012
-58.318609
-44.557026
-37.760284
-36.360672
-37.728834
-49.201225
-39.183877
-45.007593
-56.010140
-41.306995
-66.978466
-44.293751
-36.298534
-46.175346
-34.233367
-47.210450
-38.265727
-40.986703
-41.931718
-48.402338
-37.741106
-39.973784
-48.880298
-48.217157
-41.606751
-32.588740
-39.589668
-44.260511
-38.795343
-37.993897
-39.233499
-40.359593
-41.056576
-37.943109
-39.613799
-42.423354
-37.098554
-36.235764
-41.664982
-43.613122
-49.956566
-43.032248
-37.278595
-41.196325
-38.311090
-42.407130
-38.990462
-39.456949
-37.416845
-37.916825
-41.334629
-33.500567
-40.581130
-46.089398
-44.103036
-39.234624
-50.841570
-49.073814
-36.537581
-38.527193
-42.427498
-43.481316
-40.260032
-35.510485
-37.463328
-39.680746
-38.538465
-40.381179
-42.846562
-35.190717
-48.300104
-38.903104
-38.033724
-47.660791
-41.493516
-41.621731
-40.115567
-43.476017
-44.751570
-39.290110
-46.683301
-48.079749
-44.712925
-46.253223
-38.202416
-46.381695
-40.973315
-37.751495
-45.745905
-40.472300
-41.239880
-41.107157
-37.037526
-35.980330
-38.452885
-41.239631
-36.524997
-37.316493
-55.598015
-42.306513
-45.719786
-40.260686
-38.198662
-42.788889
-61.092073
-58.117500
-45.148709
-45.721999
-42.082971
-36.958072
-45.846498
-47.735081
-45.172579
-40.003414
-44.150146
-39.309948
-39.515648
-38.932824
-38.383627
-37.211488
-37.060100
-37.933594
-41.551738
-37.730154
-32.646590
-39.127848
-45.273040
-41.584889
-42.330941
-38.975956
-44.350238
-32.704874
-44.727502
-38.541645
-39.466670
-36.949290
-48.390232
-39.958846
-44.554270
-36.844514
-56.656423
-35.805543
-45.503601
-37.487661
-40.639602
-52.573704
-38.982053
-38.773574
-43.866658
-32.925218
-38.289976
-47.216828
-40.295724
-45.154148
-47.065941
-41.154224
-44.361874
-52.696780
-42.999889
-44.275024
-37.779513
-39.444941
-45.350713
-49.911110
-41.250767
-36.830975
-39.751217
-44.174437
-46.731784
-44.492841
-42.556913
-53.733374
-38.261548
-38.226400
-41.685557
-47.472128
-37.091710
-49.990871
-36.669893
-37.117134
-36.139765
-52.129585
-57.556364
-34.200731
-38.417991
-33.775040
-43.068953
-41.980173
-47.897406
-38.354066
-40.434034
-43.866649
-48.899282
-36.425676
-35.536244
-52.642755
-38.395102
-37.996482
-39.535382
-56.201830
-41.577367
-44.842827
-39.523756
-44.209747
-38.092840
-41.771089
-41.905106
-49.788763
-36.105834
-46.381279
-39.059233
-33.985645
-45.044406
-38.714007
-34.959450
-35.204890
-36.993339
-45.390758
-42.236763
-42.506409
-41.165787
-43.449847
-33.639918
-40.846083
-33.505806
-37.445339
-39.404126
-49.067775
-40.966681
-41.689485
-50.955589
-44.192366
-38.245697
-39.949809
-35.563097
-37.967561
-44.468167
-40.166549
-61.295885
-36.094123
-45.342017
-33.180062
-40.015822
-41.600046
-43.683132
-35.052291
-38.619108
-38.604525
-43.785040
-39.109941
-36.381372
-42.993436
-48.588773
-47.929447
-48.191895
-40.961915
-51.721692
-39.369798
-40.949489
-43.429738
-39.620639
-38.526996
-34.267641
-47.739468
-36.310894
-41.202414
-39.424364
-31.719817
-40.943114
-37.168746
-53.111937
-36.195336
-43.686568
-39.178927
-38.822019
-44.786587
-45.262889
-40.075526
-41.840820
-42.438464
-35.689291
-49.802803
-43.951112
-38.330582
-38.387129
-42.924517
-44.246827
-38.794564
-42.114910
-38.925704
-39.513456
-31.916512
-47.327856
-48.599008
-42.153090
-42.666249
-33.718175
-44.590874
-36.359118
-41.300471
-37.595828
-42.354297
-37.254651
-40.650455
-39.683723
-38.250016
-40.125235
-38.967391
-44.271273
-45.652143
-55.990098
-39.401385
-43.492798
-43.222974
-33.505992
-45.694843
-35.256181
-34.662723
-40.531960
-43.420761
-37.053349
-37.630628
-38.202734
-33.441847
-39.048190
-35.959804
-34.957638
-37.602501
-41.746169
-41.125388
-36.997693
-45.425666
-47.503886
-58.694425
-41.458008
-42.766145
-59.584021
-45.651791
-38.155058
-46.828088
-42.949404
-44.653938
-48.982141
-39.293604
-39.002377
-39.902476
-41.020658
-36.748023
-39.794438
-37.388601
-38.380631
-43.061106
-43.904337
-35.790940
-39.668220
-37.103201
-40.384701
-39.220864
-47.154159
-41.543232
-55.804033
-36.186469
-50.387728
-36.485566
-36.726732
-47.143685
-57.504531
-38.370380
-40.886381
-34.942028
-35.778835
-41.604171
-46.970458
-39.501589
-40.799129
-42.948204
-42.479047
-35.996247
-38.555748
-48.138319
-38.680190
-42.593717
-41.777646
-43.422960
-43.466465
-43.380161
-34.924403
-39.491477
-35.173511
-38.594234
-41.972040
-42.631237
-38.548539
-35.198748
-38.407293
-42.209550
-47.265248
-41.854469
-49.587940
-43.924485
-48.250166
-36.769828
-42.311259
-43.153721
-48.506576
-48.041294
-38.378844
-35.730990
-49.823031
-46.069119
-45.767208
-38.675078
-40.719962
-43.118304
-34.903199
-38.817424
-55.284963
-37.347387
-41.286294
-36.079654
-39.419849
-33.528009
-33.425425
-42.941590
-49.152396
-47.539407
-40.869304
-50.286828
-37.525784
-56.386489
-42.780500
-39.570896
-38.405640
-40.481422
-34.719396
-39.367947
-42.415347
-43.497354
-63.496153
-49.618290
-41.590673
-38.001011
-41.018029
-50.799368
-42.674490
-46.690981
-44.706616
-39.101662
-38.107881
-44.337299
-41.312213
-47.614985
-34.650197
-56.779394
-43.226590
-38.398721
-37.631183
-39.404721
-39.810697
-41.552445
-39.905823
-52.140037
-47.636505
-39.602807
-36.256578
-36.891831
-37.488769
-42.434797
-40.066447
-39.311406
-35.607745
-39.902465
-40.772924
-40.136821
-37.730006
-35.868776
-34.054733
-39.640913
-46.990597
-33.862111
-35.597416
-47.770546
-48.687231
-39.310545
-47.510881
-37.140701
-42.338842
-48.293936
-50.015810
-48.539560
-57.618790
-41.428837
-41.040775
-44.634661
-52.817876
-44.072257
-55.460964
-53.338077
-39.697161
-35.674468
-37.297395
-40.684222
-32.588522
-52.174062
-39.654794
-54.355194
-42.485329
-38.938179
-50.907865
-43.759874
-39.182597
-43.008196
-44.555146
-43.676003
-40.581284
-46.507929
-38.145153
-37.927422
-37.987653
-32.220544
-46.194914
-45.847832
-52.310196
-41.342086
-40.730731
-38.609683
-47.703894
-35.932558
-39.003729
-39.572605
-45.573003
-40.574201
-37.859035
-46.362273
-35.577168
-41.153758
-41.590994
-37.761694
-40.363519
-44.009032
-41.148841
-44.003134
-42.698711
-39.444720
-38.286305
-46.629276
-38.396748
-37.109921
-49.282029
-45.298948
-48.898412
-38.346345
-47.573873
-42.663331
-42.378026
-43.100545
-42.810909
-45.229166
-41.918991
-34.508101
-42.980279
-36.210667
-43.130766
-40.295343
-52.533876
-38.506063
-49.134528
-47.941032
-41.134889
-44.962641
-40.814469
-39.792783
-41.694494
-42.918092
-40.630527
-42.856662
-37.490049
-37.678077
-39.389911
-41.905747
-50.518871
-34.017137
-47.041445
-46.356907
-44.481217
-36.790169
-36.973916
-32.235269
-39.349718
-43.091457
-37.474126
-37.366926
-41.570744
-39.896308
-40.584918
-46.595417
-39.727456
-32.358093
-42.932792
-41.560293
-36.765984
-42.240899
-39.933928
-42.871615
-47.934885
-46.412414
-35.548457
-52.198052
-43.749913
-45.308053
-37.494205
-36.652631
-42.676163
-37.990160
-38.707802
-38.573239
-43.976912
-46.322187
-38.396799
-33.874999
-40.756802
-50.516570
-50.923075
-35.271097
-37.055268
-40.810359
-43.114082
-41.628665
-43.320201
-42.811633
-45.243344
-44.638018
-41.555401
-35.905480
-39.183199
-55.809326
-37.849844
-38.089088
-45.766222
-49.824550
-48.435434
-36.748190
-40.367407
-43.435570
-49.527964
-40.565638
-43.290214
-36.861354
-34.414817
-41.115816
-35.959509
-37.086871
-41.189785
-40.737327
-37.960440
-41.987575
-49.360086
-41.055882
-37.663726
-47.022470
-40.413995
-39.221518
-44.396343
-39.788807
-41.892231
-44.194748
-37.059097
-37.638302
-44.492505
-36.331252
-50.265948
-48.354395
-39.270911
-39.264124
-38.970416
-39.628996
-40.082045
-46.629272
-40.568449
-41.995588
-37.737357
-39.458335
-44.275070
-44.519297
-36.751771
-39.919960
-34.741139
-43.656801
-49.351850
-47.072337
-33.219583
-39.841225
-50.332533
-34.492410
-52.232996
-44.221253
-47.141268
-43.640154
-44.255202
-39.716721
-49.703301
-43.236253
-43.938010
-33.546317
-45.689317
-37.510772
-46.761610
-41.418948
-41.560646
-66.910452
-36.692788
-53.225839
-44.712704
-33.668288
-33.030237
-35.689523
-40.489527
-50.666360
-47.206244
-34.357103
-37.009465
-35.992118
-48.725725
-37.333173
-39.251645
-47.341874
-39.679022
-41.795001
-43.524000
-41.450861
-48.833304
-40.406937
-38.371290
-40.217999
-44.774614
-47.188836
-39.594880
-48.094054
-45.692214
-37.110570
-42.494562
-39.267888
-57.721076
-38.437857
-39.143081
-38.380519
-45.262658
-52.509326
-39.235494
