-15.542586
-17.631632
-19.721955
-9.339796
-7.182610
-29.712669
-5.583515
-18.352409
-5.138500
-7.861602
-12.639442
-6.789048
-14.166379
-7.283599
-8.658228
-23.347403
-26.128646
-8.246710
-4.276043
-11.238382
-6.192905
-5.164768
-10.066023
-9.036027
-16.655280
-5.203338
-9.242208
-8.762796
-12.330760
-7.161586
-12.205711
-16.411733
-8.961737
-3.481617
-11.578280
-13.455358
-7.725925
-8.101305
-10.860096
-7.760340
-5.113796
-7.159566
-6.964960
-6.831165
-8.791250
-2.294020
-16.146635
-9.063414
-27.430442
-8.048917
-5.271540
-7.880222
-4.675146
-8.047608
-5.690048
-6.707135
-11.768879
-16.270506
-16.333592
-7.571925
-11.396137
-12.668743
-5.914846
-7.656732
-10.380881
-14.456167
-11.261766
-11.757130
-8.815573
-5.745844
-6.333046
-5.893391
-7.009453
-10.700133
-20.321541
-5.315211
-13.544475
-7.025216
-14.791105
-5.616715
-13.132764
-11.724115
-12.810004
-14.627499
-6.700636
-7.613022
-4.537799
-10.544350
-1.826458
-6.263807
-6.124159
-10.898824
-4.214550
-13.212629
-6.300434
-18.321405
-11.693130
-4.644516
-6.898453
-5.989932
-17.172036
-8.738025
-5.118565
-17.416914
-7.892901
-12.045593
-5.464865
-5.287669
-6.339978
-10.082917
-6.827744
-15.625985
-7.556456
-4.964961
-7.346114
-5.533917
-7.879989
-7.479825
-7.945940
-5.742132
-12.052591
-9.121777
-9.939126
-23.570576
-8.087695
-8.697277
-10.038791
-6.673323
-7.801368
-4.996849
-5.656983
-2.534749
-3.617025
-7.856153
-4.768792
-4.982531
-11.973075
-9.789449
-8.943826
-9.163499
-5.854235
-11.838736
-5.400633
-4.965277
-5.632229
-19.875674
-6.178658
-7.746846
-8.011562
-8.745778
-7.839294
-22.629062
-27.857612
-11.475953
-9.112855
-4.808900
-10.187930
-16.813613
-11.473986
-20.455771
-8.467941
-5.245955
-13.562528
-8.739203
-11.253501
-4.076505
-6.775141
-13.918491
-12.022846
-8.047691
-7.736375
-15.273253
-13.277573
-13.229981
-6.032434
-7.815282
-4.724091
-9.199047
-10.168014
-4.912622
-12.465612
-9.308919
-9.877648
-6.277525
-7.139600
-5.727215
-6.705650
-7.162301
-8.463488
-7.750558
-10.158938
-8.960804
-11.130615
-8.636826
-13.765139
-7.149340
-10.022460
-9.579091
-12.908477
-12.986851
-4.566525
-9.236437
-5.695044
-6.025934
-8.919019
-23.750095
-15.655576
-4.091332
-18.050202
-5.402822
-4.813525
-3.601276
-6.170827
-7.141749
-28.770752
-17.279633
-5.968717
-9.434609
-10.155577
-4.775197
-6.117823
-10.676228
-15.563961
-4.521831
-8.734601
-5.925817
-11.484174
-15.769801
-7.317083
-3.035535
-11.598982
-7.228921
-14.325385
-13.065871
-4.960926
-4.700599
-4.138756
-5.677567
-6.195201
-6.268623
-12.941588
-8.495913
-9.744954
-10.620033
-12.353358
-10.135463
-14.772662
-22.844116
-20.737304
-5.383449
-6.847277
-12.865548
-7.293410
-6.152454
-6.364029
-5.457758
-26.459739
-13.253992
-18.948594
-5.157067
-10.192205
-12.386830
-17.662690
-7.403342
-7.884066
-5.902941
-7.559250
-6.620496
-7.337854
-9.960225
-4.228385
-5.133210
-9.942573
-11.852084
-19.462686
-5.607614
-12.282281
-4.380007
-3.886027
-22.100935
-6.772968
-17.919230
-6.923807
-11.001497
-7.370134
-5.206059
-9.469804
-16.955078
-5.037408
-19.505809
-9.746387
-14.546743
-11.569608
-16.900618
-9.656044
-7.706445
-7.999248
-18.267059
-10.624416
-11.686081
-14.460917
-14.149901
-6.217527
-7.521255
-9.774734
-4.220388
-10.063590
-30.118456
-8.582573
-4.892829
-15.289381
-11.806875
-14.757340
-7.364729
-8.087105
-7.959177
-10.542845
-18.004156
-12.991533
-8.602246
-10.956602
-8.391039
-6.744860
-6.216575
-20.254291
-5.789338
-14.249110
-16.926678
-13.160599
-7.335359
-4.664559
-7.273609
-19.127341
-2.872041
-9.233841
-5.786417
-27.002142
-6.573562
-6.735189
-5.646589
-7.839128
-8.453558
-14.938878
-9.377771
-5.643592
-9.597976
-7.424870
-3.794148
-15.604117
-11.055403
-7.829373
-4.334562
-5.572404
-9.840382
-9.066195
-4.592010
-7.328595
-9.640621
-11.494819
-5.448113
-3.106222
-9.783778
-4.979894
-4.895308
-3.239736
-7.335932
-6.443024
-8.439028
-8.070905
-11.497093
-14.445480
-5.798983
-7.707120
-5.746443
-9.810915
-5.583683
-6.194371
-20.168491
-6.629080
-8.009111
-8.143500
-6.694018
-3.743549
-8.479876
-15.133626
-11.475821
-4.087360
-5.214777
-10.474247
-14.694717
-10.045540
-4.746694
-7.758047
-13.657406
-15.428712
-22.357503
-11.559715
-3.436547
-15.221334
-12.272352
-4.945330
-5.600118
-11.985614
-11.511186
-12.762556
-9.573143
-10.450107
-8.586785
-7.274262
-13.496369
-12.585747
-7.083757
-7.502291
-4.993502
-10.395386
-19.667570
-8.785885
-8.448544
-2.713933
-5.737233
-15.486832
-2.226183
-6.659476
-7.143650
-8.700206
-9.514754
-8.734699
-6.715541
-13.534816
-4.048881
-4.069081
-12.432139
-8.718270
-5.364005
-6.867291
-3.218548
-26.364137
-4.933748
-5.362123
-4.132894
-6.139195
-6.276394
-6.500756
-11.718209
-6.755963
-11.230306
-16.477652
-20.399980
-10.154500
-7.047038
-7.833614
-6.998516
-7.145701
-5.191021
-11.649228
-6.053053
-13.068280
-15.264157
-7.865871
-6.381589
-8.078861
-8.893874
-10.258550
-10.067588
-6.393324
-4.375605
-6.417351
-4.631187
-6.849470
-6.880958
-26.364480
-14.585226
-9.214375
-15.899036
-4.134625
-5.867153
-12.902399
-3.513743
-9.831216
-8.576059
-4.017850
-9.892912
-7.661802
-10.627733
-8.964317
-10.798540
-6.774439
-13.713221
-5.448172
-10.901271
-12.012121
-7.603254
-7.556530
-7.641145
-10.874650
-9.604134
-9.252421
-10.285736
-11.758731
-21.269459
-2.829406
-11.839004
-10.312578
-17.164486
-6.541348
-9.853292
-11.812814
-9.489962
-34.569048
-14.025943
-9.500389
-6.539555
-2.479208
-25.454464
-6.721577
-10.389307
-9.349970
-4.322730
-7.896531
-4.609072
-6.578758
-18.436301
-5.003330
-3.257486
-14.062089
-9.402666
-4.991398
-7.651895
-16.217623
-14.029250
-12.727419
-8.474981
-7.049227
-3.511054
-14.097371
-3.663930
-4.557532
-3.648594
-6.706271
-5.600773
-6.542219
-3.509735
-8.287768
-5.395326
-14.622373
-9.269073
-6.170250
-5.676339
-8.756305
-12.985915
-6.844299
-7.703642
-13.240109
-4.039629
-9.423803
-10.048510
-18.250344
-9.407011
-13.469798
-24.348937
-5.316935
-14.378056
-15.476080
-8.003033
-6.710969
-13.675644
-8.477611
-13.808311
-6.878761
-8.934140
-2.789761
-12.792865
-5.196495
-7.850932
-17.291427
-7.504450
-9.042049
-4.315724
-4.493586
-10.722958
-4.512613
-8.066306
-6.323476
-5.537302
-6.007214
-5.015589
-8.098049
-12.488787
-5.356294
-8.857264
-17.405440
-5.558213
-7.853117
-10.235914
-5.696319
-9.151449
-11.184489
-9.974904
-7.252033
-8.578250
-5.996756
-8.197141
-3.604237
-13.444848
-4.633607
-7.644727
-6.457474
-6.033484
-17.906945
-11.010732
-15.232120
-2.036993
-7.303407
-6.515397
-5.489330
-15.723351
-18.000494
-13.388669
-3.020355
-4.833588
-7.681077
-9.602217
-24.795938
-6.021443
-7.414826
-8.079274
-9.328943
-17.594452
-9.022129
-3.066038
-7.418480
-16.713110
-7.389562
-17.849389
-7.045524
-6.394447
-6.125862
-12.287470
-6.153695
-5.281984
-4.340123
-13.003727
-3.268468
-5.484917
-20.808430
-17.123080
-7.875452
-6.905620
-10.368169
-7.707200
-7.879549
-20.430546
-6.752870
-7.552472
-4.191391
-7.467244
-5.593451
-5.868972
-5.942383
-7.232998
-4.499070
-10.290095
-15.361263
-11.706981
-10.259258
-7.908316
-9.602702
-10.448194
-6.984816
-7.844252
-10.462254
-21.306925
-8.392102
-7.880113
-2.979779
-3.898568
-10.434032
-6.880592
-4.868709
-11.030812
-7.213482
-9.293949
-3.556716
-6.627656
-12.493541
-4.837162
-16.062635
-16.835946
-3.420551
-4.995671
-4.004190
-3.379902
-6.883638
-7.102350
-7.783769
-7.223099
-10.721478
-18.710064
-7.207343
-3.852164
-9.505430
-11.839831
-5.325961
-10.244555
-11.245034
-4.325223
-10.033518
-13.255037
-5.077104
-6.655369
-6.279783
-7.848371
-4.782359
-13.068622
-8.630442
-3.062927
-6.263376
-9.514778
-10.670507
-8.904096
-24.277597
-6.048811
-13.369041
-14.995614
-7.776468
-6.580161
-10.175192
-6.694233
-5.004572
-4.181055
-9.526445
-11.174936
-13.603125
-7.799083
-16.173370
-3.250962
-11.120008
-11.494678
-13.247429
-8.209254
-4.558706
-6.072612
-14.719587
-11.635740
-12.575587
-5.541293
-9.444342
-5.018518
-12.005425
-6.557998
-5.056799
-4.905211
-16.233593
-8.500488
-13.338803
-10.693403
-5.164185
-6.938564
-7.815746
-8.692062
-4.836155
-4.976565
-10.442342
-2.710200
-8.566098
-5.934815
-4.665929
-6.880432
-9.046378
-5.800294
-15.808698
-14.164336
-6.977059
-9.465405
-9.729143
-7.914931
-14.991528
-5.252761
-6.002503
-11.408725
-11.073477
-8.841589
-12.268472
-15.745736
-20.286521
-8.090995
-7.194311
-7.334247
-4.947963
-6.882237
-6.721086
-6.479252
-6.935712
-8.141296
-2.701330
-21.437335
-6.710861
-17.651513
-11.157826
-3.984038
-5.066906
-9.712967
-5.608360
-3.803252
-7.304354
-4.347033
-13.055145
-8.722478
-8.127214
-13.288758
-11.211975
-15.314265
-5.813173
-4.613953
-5.528251
-2.930529
-4.820784
-14.222197
-5.147069
-9.333416
-6.456110
-6.085742
-19.400326
-15.688587
-9.576287
-3.740800
-7.619836
-6.147672
-8.459804
-5.991361
-3.713838
-4.623185
-9.360393
-10.704476
-4.708832
-5.746546
-5.101580
-8.024866
-5.316806
-2.443624
-16.337280
-6.737850
-4.395741
-4.924327
-6.414882
-7.669148
-10.547081
-6.479660
-9.907891
-14.720712
-13.980611
-9.543727
-4.843795
-11.783723
-11.140100
-5.056306
-25.721407
-12.131310
-7.128932
-7.721851
-2.396300
-7.390054
-11.440145
-5.686483
-4.603155
-7.130395
-9.063104
-16.797310
-11.274162
-8.326678
-5.641701
-3.890253
-2.501047
-17.150531
-10.026441
-4.810743
-5.924079
-4.435308
-7.699667
-5.161849
-6.972028
-9.399036
-7.499009
-5.297361
-15.742878
-11.150446
-4.347264
-10.823320
-15.124261
-7.372273
-7.897929
-6.687199
-9.414680
-5.779146
-7.715841
-20.804792
-5.903094
-4.574931
-12.018111
-7.228243
-17.789652
-22.506436
-9.149290
-8.562590
-9.495073
-7.217476
-4.592149
-11.914144
-6.647119
-12.103961
-16.599720
-10.442330
-4.288777
-12.435765
-16.448901
-13.720480
-18.880573
-3.370412
-4.482365
-5.662264
-11.159386
-12.020093
-7.761244
-10.586460
-5.277525
-15.855561
-10.404728
-5.404245
-6.326825
-12.552381
-7.584652
-5.908559
-5.888162
-12.209700
-5.824574
-7.368262
-6.284257
-6.943049
-13.440082
-21.275042
-7.138891
-15.183364
-14.187335
-8.529079
-2.806785
-27.345785
-5.147021
-13.428930
-5.393522
-8.491088
-9.398038
-8.556967
-6.476987
-3.549027
-8.941105
-7.690730
-4.876608
-5.489209
-5.512786
-4.298153
-9.388302
-4.513990
-4.025526
-7.236053
-3.745131
-9.258648
-3.952120
-5.458282
-13.378978
-14.312046
-6.657676
-5.705823
-3.551876
-5.644601
-4.277466
-5.412098
-7.372903
-5.836439
-15.081913
-8.220549
-8.615355
-5.959829
-10.333906
-3.124453
-5.083672
-8.446629
-4.416236
-18.704394
-5.339965
-9.435700
-7.133327
-10.989843
-12.612307
-4.323013
-5.152467
-6.537714
-9.254688
-11.038293
-9.299782
-5.573339
