-43.940755
-46.194276
-53.945822
-49.806417
-45.248981
-42.289689
-44.681094
-52.222649
-51.315481
-40.978039
-47.402531
-41.001865
-43.063344
-54.886433
-47.332004
-59.147817
-51.039009
-53.960055
-50.020492
-44.985940
-51.068533
-50.919354
-42.092203
-46.284835
-58.587366
-49.352646
-46.996700
-47.540373
-45.860761
-55.399266
-49.992070
-52.726462
-49.556626
-54.431379
-46.017915
-41.058153
-48.013604
-39.890038
-46.042687
-49.334749
-65.243561
-41.343471
-45.826828
-44.496844
-47.399029
-41.908602
-47.589333
-52.355320
-64.492433
-42.711639
-46.945671
-51.258231
-44.358363
-43.735125
-53.907923
-61.940866
-54.147683
-45.253002
-53.483522
-50.390494
-46.726982
-50.729022
-48.570016
-44.672399
-43.242199
-52.241413
-43.069745
-44.106769
-44.656422
-57.967128
-42.134547
-45.600523
-44.787450
-48.494137
-55.367519
-41.384122
-44.039642
-50.610568
-54.225720
-52.770820
-44.006829
-49.464581
-48.071780
-46.682915
-51.247402
-43.918646
-54.422666
-58.527240
-62.720213
-43.895165
-42.474422
-45.248949
-46.891211
-46.739093
-44.162440
-44.317520
-50.163298
-43.454212
-40.593896
-41.144906
-44.109597
-49.768914
-50.602663
-42.036984
-47.956000
-42.351340
-42.219780
-44.062948
-53.480921
-46.168355
-50.500197
-53.881133
-48.750633
-52.428243
-40.111344
-48.124463
-51.152436
-42.268133
-43.727179
-52.646802
-49.577984
-45.553675
-39.424205
-46.914694
-49.040829
-41.908838
-45.171055
-44.064105
-45.274836
-46.323588
-55.825230
-50.805463
-58.416514
-48.213759
-37.280848
-48.728467
-67.979273
-44.537138
-50.674642
-46.978555
-41.405533
-40.205790
-55.713280
-47.796262
-53.838018
-45.118933
-46.487037
-43.981366
-43.550975
-51.262869
-47.048121
-50.690754
-50.473581
-43.111405
-52.156563
-47.311851
-49.194336
-55.868312
-45.973705
-47.127042
-42.631209
-50.737426
-44.630314
-47.501048
-50.682001
-46.681342
-46.692244
-53.215895
-56.942400
-48.771449
-50.776495
-56.188748
-52.581469
-46.721321
-40.228696
-47.606047
-40.867949
-43.880366
-52.215896
-44.654271
-48.824185
-50.158400
-44.368975
-41.364782
-43.635024
-54.363897
-47.742441
-40.019471
-50.268782
-41.304396
-55.421719
-38.905563
-40.431266
-50.249852
-45.308340
-47.984670
-46.229986
-45.724936
-50.226238
-41.979540
-43.716535
-40.930757
-48.060902
-50.247482
-45.539924
-48.570921
-43.292466
-49.755646
-48.812016
-45.540945
-43.871884
-46.634822
-43.521373
-51.577422
-40.637253
-50.484039
-39.794896
-44.235553
-42.653693
-51.929086
-42.201472
-39.994712
-48.107540
-57.396005
-40.372652
-46.353404
-46.998990
-39.205043
-42.165254
-53.520833
-42.667390
-47.725554
-50.136403
-50.045371
-59.600148
-56.317579
-40.746822
-44.723083
-57.347888
-42.289699
-44.306532
-57.994011
-45.532892
-49.891954
-46.915970
-46.035364
-42.661734
-56.049514
-42.280610
-47.605913
-44.133722
-45.828761
-47.092485
-42.902383
-47.130251
-56.032091
-54.595396
-39.650300
-52.343604
-46.574987
-55.638544
-50.390920
-41.540930
-57.006634
-39.892929
-53.346745
-50.535900
-46.556619
-44.856531
-44.445289
-45.775411
-47.444545
-41.506736
-45.310423
-47.929805
-52.725980
-45.822989
-48.614350
-59.128753
-49.479532
-54.049712
-48.433301
-44.944762
-45.963725
-69.660892
-39.208928
-47.429795
-63.503219
-43.039139
-39.974373
-45.817312
-50.019616
-49.842087
-56.617001
-43.413958
-50.128703
-39.312652
-49.431599
-48.036469
-39.770061
-45.611787
-53.207792
-49.487815
-58.078615
-41.778402
-45.812995
-45.552582
-47.528854
-57.716147
-47.846071
-53.496791
-38.878753
-56.524722
-43.729786
-51.114464
-45.402280
-63.478441
-40.348862
-50.811205
-41.951675
-44.689155
-43.001018
-42.372546
-44.260867
-49.551767
-57.844612
-50.911251
-41.893859
-44.879926
-49.035128
-40.790274
-41.651106
-47.659772
-59.334082
-43.995378
-46.885003
-44.171975
-42.241465
-40.199940
-43.487488
-51.303950
-50.919140
-48.600164
-58.988102
-42.954463
-53.264893
-48.829111
-53.664786
-40.387081
-49.280915
-46.738392
-39.202383
-44.101166
-41.216860
-44.845387
-42.524990
-50.193640
-52.184874
-45.737770
-62.969359
-47.970729
-41.419065
-44.408804
-50.042489
-44.658152
-53.164162
-40.807231
-53.225961
-44.800544
-49.748724
-51.753323
-44.689898
-47.791630
-46.690544
-43.811463
-50.028377
-46.895772
-44.174177
-40.245470
-41.668785
-46.676922
-45.363189
-44.182315
-46.565957
-43.517745
-46.315894
-47.519597
-37.369198
-45.397820
-48.598830
-46.617501
-47.572704
-53.289691
-42.375373
-50.150899
-47.109336
-46.934407
-48.437447
-41.019999
-44.901200
-51.884471
-44.159477
-50.079086
-46.917606
-58.172745
-51.431078
-53.673744
-43.608839
-56.777346
-41.953938
-45.665135
-48.203816
-46.491721
-56.517610
-53.168725
-46.408077
-53.003546
-47.422660
-47.990519
-50.150330
-45.741788
-45.198784
-39.265220
-54.913513
-63.210904
-49.062410
-43.996020
-43.890570
-64.648862
-40.680090
-69.071425
-48.770598
-46.838327
-50.613738
-51.932083
-43.702475
-42.119035
-47.274028
-49.077180
-42.240222
-54.015134
-56.692579
-44.891007
-53.144983
-47.683504
-45.605752
-57.386703
-48.641009
-38.984624
-49.015606
-44.177790
-43.768802
-46.184485
-52.305201
-47.532206
-40.282549
-59.366687
-49.165333
-42.075519
-52.387173
-45.643874
-47.415867
-48.505839
-47.879880
-53.187813
-50.784314
-50.264820
-48.658728
-47.091703
-45.170004
-43.256848
-41.256725
-51.664660
-50.103701
-42.747739
-51.434253
-45.507798
-49.132620
-48.746339
-49.888389
-42.299886
-63.279566
-52.819520
-52.466110
-42.638660
-41.704179
-42.100269
-44.724313
-43.877673
-57.028605
-41.421045
-57.912812
-50.364881
-46.155704
-44.011761
-40.585936
-45.276745
-38.943088
-55.290343
-45.404840
-43.408814
-49.390265
-52.944411
-44.496602
-44.421218
-54.807983
-44.811094
-44.956156
-45.187278
-52.905903
-54.345041
-52.663089
-39.315638
-60.794193
-48.735117
-42.621570
-46.949213
-42.768319
-38.487801
-47.886699
-42.637352
-43.827983
-48.919683
-42.894479
-43.615837
-64.674658
-62.169488
-51.608363
-43.570553
-52.211818
-43.798660
-43.034947
-45.776708
-41.134313
-55.900496
-55.763454
-44.338226
-42.838202
-52.145881
-50.907664
-44.654042
-44.041236
-56.066574
-53.708486
-59.133597
-50.021098
-42.946153
-48.287133
-57.310292
-47.126681
-56.267500
-38.493291
-39.950323
-44.902101
-46.594410
-51.833956
-57.303140
-54.029074
-41.972926
-43.960324
-74.152454
-57.838466
-46.978744
-46.050494
-57.618081
-47.557596
-49.044330
-38.331943
-52.239756
-46.988401
-46.369091
-39.374880
-39.522005
-49.136674
-43.375896
-50.050539
-46.127492
-52.226491
-39.144173
-57.316408
-40.455229
-72.105678
-41.949505
-48.345678
-46.955316
-46.225918
-49.624320
-50.322585
-44.148503
-46.238149
-42.987818
-45.006389
-50.218944
-41.972697
-51.046094
-48.839345
-51.417852
-43.255430
-46.754313
-41.966328
-45.619365
-47.022077
-39.440748
-44.607887
-45.485390
-42.387111
-44.903176
-49.259985
-49.132339
-43.203098
-44.869531
-50.475108
-45.691208
-52.918629
-46.919522
-44.445652
-41.705520
-45.103812
-45.948407
-41.584480
-54.716632
-50.138713
-41.150825
-53.387999
-51.942543
-55.118186
-46.252260
-50.496580
-46.637533
-43.746762
-50.038888
-49.694570
-43.380303
-54.685326
-39.079062
-46.638058
-51.631386
-45.796102
-45.403168
-59.229443
-51.205054
-46.451298
-48.022360
-52.230796
-49.650955
-44.962062
-47.955697
-41.943118
-56.175155
-40.534518
-42.864537
-44.447305
-45.761916
-47.254890
-41.104021
-46.847582
-50.821154
-52.052214
-47.609570
-46.743765
-45.128236
-46.529198
-42.703329
-47.834228
-55.279699
-44.671466
-44.376103
-40.313410
-46.223165
-44.876766
-44.503546
-60.825169
-43.444245
-49.271010
-57.522123
-49.444690
-48.455691
-42.250269
-42.904770
-49.698202
-52.145646
-52.108891
-40.385299
-39.829091
-44.995868
-41.810514
-55.050694
-40.406794
-44.406119
-46.975052
-46.117323
-47.772028
-54.627929
-51.255079
-47.839163
-48.889143
-43.085295
-57.969215
-49.258906
-46.205008
-47.057356
-51.540256
-43.645157
-43.386549
-46.515814
-45.877926
-41.321841
-48.815150
-45.210767
-56.203269
-48.413469
-48.464046
-51.906542
-45.294271
-53.198272
-51.223887
-43.745395
-51.866272
-43.177266
-46.478962
-42.841229
-48.472339
-41.796536
-48.934886
-53.578628
-52.657650
-47.184233
-47.839878
-44.809757
-43.944780
-50.026333
-45.697373
-48.762876
-50.530213
-47.489201
-59.654790
-46.408749
-47.668092
-46.152270
-41.163968
-41.671649
-46.276479
-47.788156
-41.563084
-51.900457
-46.387247
-43.371978
-49.125750
-47.020968
-48.724865
-45.661896
-50.193226
-47.238326
-40.224902
-63.241181
-44.187305
-43.197293
-43.597787
-50.505744
-44.338443
-41.759752
-52.930450
-46.273386
-48.301564
-49.045129
-44.411798
-43.925136
-62.573220
-41.916814
-54.552237
-42.114736
-48.941905
-43.136236
-42.391481
-56.839474
-44.976268
-51.856377
-48.580435
-43.742769
-45.146293
-52.578239
-45.987782
-55.419610
-42.786994
-43.732204
-44.194950
-46.032508
-50.837200
-55.211988
-45.510366
-48.542713
-46.745392
-47.442360
-42.589571
-45.948103
-46.768584
-53.581809
-42.686860
-48.368115
-46.824292
-52.074052
-45.748364
-45.497999
-49.406360
-47.720775
-50.587625
-45.907213
-54.822414
-42.854160
-48.230548
-53.823073
-52.131651
-40.567122
-47.530201
-60.860513
-51.319249
-46.923781
-42.879404
-40.211348
-42.036242
-49.587836
-43.763192
-42.796156
-56.751865
-45.023291
-43.894100
-61.595913
-56.670597
-50.383718
-47.672500
-41.662626
-55.874380
-52.057037
-47.011293
-46.817232
-44.786430
-64.285183
-45.367846
-54.716211
-47.377947
-46.817655
-43.704752
-55.672989
-44.301662
-47.073474
-46.882007
-49.820829
-48.892710
-55.470770
-46.745575
-60.616306
-53.683337
-46.590118
-52.464463
-61.378028
-44.863087
-43.528156
-56.473851
-39.203042
-43.584217
-46.393916
-48.703963
-40.918077
-49.333898
-50.663485
-45.628726
-45.501803
-42.049056
-47.570958
-43.049174
-42.532779
-49.696144
-52.184029
-41.418264
-48.316146
-46.765283
-40.224333
-51.478406
-42.508672
-42.015663
-48.280446
-46.078054
-41.129095
-46.359357
-41.646220
-45.866094
-49.819733
-47.567889
-42.222053
-46.538622
-61.661308
-46.083994
-45.585237
-45.192925
-45.671931
-46.310276
-45.743105
-54.556035
-45.690335
-47.046573
-42.254020
-47.587996
-46.319436
-50.386206
-39.919647
-43.518556
-43.717537
-43.645133
-53.399597
-45.083587
-53.323999
-48.104721
-71.871830
-46.110192
-42.421135
-52.137444
-52.193791
-49.681299
-41.178846
-46.610738
-56.133531
-42.152353
-50.123965
-47.665919
-50.045279
-41.818998
-51.109430
-45.049598
-51.581990
-43.699017
-51.142343
-61.234097
-42.193720
-47.327113
-39.195271
-53.153794
-37.648238
-48.478934
-45.731000
-46.296892
-43.268884
-46.164949
-49.288176
-39.242802
-49.746825
-55.799046
-71.334611
-49.724846
-36.699873
-42.102608
-49.821949
-52.990003
-46.282612
-50.414670
-48.466319
-65.912764
-40.715027
-45.790547
-43.445352
-47.956323
-44.765744
-43.335900
-48.819241
-42.729034
-48.072303
-47.053026
-50.271224
-48.156786
-51.803625
-50.464137
-43.905783
-45.355338
-44.904312
-57.208988
-54.090212
-41.876396
-43.743065
-43.871459
-47.356828
-45.275210
-46.688548
-44.868653
-53.733898
-46.276244
-42.846343
-42.190356
-51.534093
-49.210821
-49.217003
-51.810927
-48.887491
-65.832352
-56.167614
-53.879505
-52.049988
-44.541815
-40.614668
-44.010790
-61.510720
-50.189082
