-16.009843
-16.277719
-19.349827
-24.231182
-22.706355
-15.546640
-17.012416
-21.001990
-35.022748
-14.925064
-20.118205
-17.986197
-23.826604
-26.159555
-18.460702
-15.917075
-23.655471
-25.275827
-24.006256
-32.053995
-20.762936
-14.130633
-24.401599
-24.505151
-20.944048
-16.664092
-15.945323
-19.394426
-28.560557
-17.114773
-17.074265
-26.361673
-17.934392
-17.524634
-16.001871
-21.488344
-20.775683
-18.289272
-12.518024
-18.663230
-22.506892
-15.273333
-21.337234
-22.170831
-22.186291
-17.318040
-31.493200
-29.640244
-18.834577
-21.290340
-16.830632
-19.555541
-22.755445
-18.124233
-20.776067
-16.856055
-25.892506
-22.107002
-18.467921
-22.400519
-14.565903
-25.181797
-13.932140
-22.042768
-27.068908
-15.575837
-23.598374
-27.935389
-13.788462
-27.696138
-26.655393
-16.352627
-20.058843
-23.712249
-20.108354
-23.226908
-22.586880
-21.069267
-30.876450
-24.238649
-19.590736
-13.655052
-14.462319
-26.005670
-32.292025
-27.816785
-17.730267
-27.325099
-20.515189
-40.522893
-21.600919
-16.647352
-23.514370
-25.665511
-19.352629
-20.097727
-15.148459
-15.050479
-26.055451
-17.323232
-29.961152
-22.381473
-33.763071
-23.565079
-16.683682
-22.769920
-23.478976
-24.463000
-18.375258
-15.770185
-15.492740
-26.163094
-15.618565
-28.317783
-16.663505
-24.251420
-20.203188
-20.552480
-15.642763
-20.187046
-16.984580
-19.191254
-20.607661
-23.107666
-28.172383
-31.247420
-25.202430
-28.205160
-19.336873
-19.339407
-24.115710
-18.289731
-16.899576
-21.880279
-13.761446
-10.931770
-30.780343
-24.826124
-18.925767
-19.480768
-22.032182
-18.612553
-22.294169
-35.847367
-26.033720
-21.723187
-28.470772
-16.945990
-16.846677
-17.462561
-18.701224
-19.338290
-18.449028
-22.878453
-19.043101
-15.516321
-17.374187
-48.128156
-22.394343
-21.823577
-28.570749
-23.568058
-16.470236
-17.285038
-17.839888
-13.696325
-23.333915
-38.307076
-20.656925
-14.560932
-12.737928
-18.519669
-21.078315
-28.019250
-22.296169
-31.522348
-17.785600
-16.414899
-25.071833
-17.252423
-17.082907
-31.589304
-23.858568
-29.665776
-16.025730
-22.728300
-20.376484
-34.577985
-43.412513
-40.268514
-25.528381
-23.611280
-20.789846
-12.963763
-22.805258
-15.461661
-20.069100
-13.678939
-31.511560
-22.124959
-18.375689
-15.196378
-22.018066
-20.680232
-19.186207
-23.282522
-14.491118
-29.501801
-37.492519
-23.370999
-15.919098
-21.742563
-28.162048
-25.373156
-19.660210
-23.201604
-31.133566
-13.074948
-23.310499
-24.300656
-23.332907
-16.968131
-15.438178
-13.740617
-20.958403
-24.911538
-24.809635
-20.342182
-21.030460
-14.897240
-13.617406
-26.738958
-17.744613
-19.522142
-18.890728
-13.702411
-14.978128
-24.537177
-25.484974
-21.500039
-22.693120
-24.467948
-26.253429
-27.570678
-16.346364
-21.865085
-22.303393
-16.111546
-19.300216
-15.171594
-19.020742
-10.805408
-20.617798
-25.631756
-22.664412
-19.569575
-17.826756
-26.003895
-27.111335
-25.444603
-14.582403
-13.914578
-21.083020
-22.334740
-18.139545
-18.324021
-17.525017
-13.801801
-22.011752
-15.755677
-31.416968
-15.215264
-16.918030
-16.657127
-14.170627
-17.341855
-21.584072
-31.603339
-17.754112
-23.979836
-16.865842
-24.755834
-23.469039
-21.971503
-24.049428
-20.343497
-29.716777
-21.211211
-21.816927
-18.747632
-14.827580
-23.714889
-17.067412
-20.534195
-19.560759
-26.260604
-14.631876
-32.992822
-22.060473
-18.720483
-20.220733
-16.707197
-16.100670
-19.856968
-18.398047
-15.292843
-25.553065
-14.847207
-16.154905
-16.703650
-23.045742
-21.118995
-19.008262
-18.453643
-12.625505
-22.192567
-17.420262
-28.654147
-18.631889
-15.449493
-18.800306
-19.465372
-22.972480
-16.555732
-14.289119
-24.135899
-34.904116
-19.184026
-20.465187
-19.874945
-17.684537
-25.545608
-23.773244
-27.195634
-29.476552
-15.482822
-14.319222
-18.992130
-25.330944
-17.328222
-17.294112
-20.114738
-21.043503
-21.752030
-21.799250
-19.148188
-17.351123
-15.412887
-24.804380
-23.820306
-29.561720
-17.164479
-19.935547
-24.666757
-13.577852
-14.792909
-13.499469
-28.599750
-15.007597
-24.221413
-16.049602
-16.809500
-29.594657
-20.379838
-27.202430
-21.079059
-20.445549
-14.070892
-21.318971
-24.233198
-20.072315
-27.815124
-22.695179
-18.308116
-19.300443
-20.329587
-18.053489
-19.734583
-16.187659
-20.006545
-27.594804
-27.779411
-17.936388
-14.922517
-22.205262
-15.851849
-17.235455
-14.469542
-16.236793
-20.100223
-19.779258
-24.499729
-18.637500
-14.730838
-14.512351
-14.929494
-21.323003
-22.496386
-15.317138
-12.380438
-27.889922
-17.806386
-16.366370
-18.877962
-20.048185
-13.961880
-20.664905
-15.855609
-16.077485
-25.040305
-24.808867
-31.598520
-13.236308
-43.404937
-21.683656
-21.329718
-18.991318
-25.700135
-40.114028
-22.236745
-15.348236
-22.632214
-18.360023
-16.070494
-18.159582
-28.743758
-15.912818
-18.862904
-14.032068
-14.777516
-17.986346
-22.384359
-23.715278
-15.848124
-19.878555
-20.048490
-26.992762
-25.577605
-21.807028
-20.721898
-20.540231
-36.079460
-23.085639
-20.397605
-17.764434
-26.260250
-25.049285
-11.010871
-25.929486
-19.999272
-18.095963
-17.090738
-15.354508
-23.287187
-24.675394
-17.615606
-23.456383
-17.223181
-16.100654
-14.477058
-18.530300
-21.024914
-19.736968
-17.728235
-13.663902
-30.776560
-15.095340
-22.340324
-26.277581
-22.914343
-23.647966
-16.788416
-14.560118
-19.161747
-24.279188
-16.500596
-24.534103
-28.219002
-23.678627
-21.147296
-20.705247
-27.422735
-18.699999
-18.041365
-16.220772
-34.210346
-19.795866
-35.589781
-18.075665
-21.164599
-14.059046
-36.339328
-29.422574
-18.807031
-13.771481
-14.304546
-22.694829
-16.749648
-30.954950
-18.304260
-18.565811
-17.942400
-15.128853
-13.961774
-18.974413
-18.838513
-19.813542
-18.454136
-22.383296
-32.840308
-16.853217
-27.026477
-14.855649
-13.734756
-20.995464
-19.197248
-18.936607
-17.292497
-18.946314
-17.504440
-21.288911
-18.402851
-28.799594
-18.871316
-18.170204
-16.353086
-19.838604
-22.114505
-13.598186
-23.463208
-15.703355
-27.605086
-14.004877
-16.352195
-13.931076
-18.636224
-24.197726
-17.016295
-14.266666
-31.524013
-27.518462
-32.930700
-18.499957
-23.532782
-22.304331
-20.353674
-13.166692
-23.928359
-23.875577
-30.600136
-22.708845
-14.795892
-27.453769
-14.358880
-19.081412
-20.635230
-12.783434
-18.686610
-13.664053
-23.628729
-16.349507
-19.195854
-16.181841
-17.591399
-19.784383
-15.156655
-16.014774
-25.988042
-21.770827
-25.958981
-20.055814
-27.632093
-13.860542
-25.647098
-22.166387
-18.274708
-13.091051
-25.863570
-16.818371
-17.069774
-26.935416
-15.987966
-19.672820
-22.861186
-22.882528
-17.145612
-19.238830
-21.744829
-19.301917
-20.922278
-21.021204
-18.638012
-18.726829
-20.765188
-14.530813
-34.504299
-45.128253
-21.347696
-38.823414
-18.283901
-24.972595
-22.427380
-20.847008
-14.925059
-17.445667
-19.002166
-18.287687
-20.882984
-29.847776
-23.763769
-14.728186
-14.801417
-21.848927
-27.308927
-14.009689
-18.000188
-17.563253
-15.106393
-20.343665
-14.342678
-17.834647
-22.807309
-18.588645
-13.481620
-33.089326
-16.605831
-27.385303
-16.608217
-23.944793
-20.545696
-18.966408
-18.403043
-28.111602
-19.840022
-19.745180
-13.872499
-24.261903
-14.997557
-15.429295
-24.379400
-31.977082
-25.316179
-25.558955
-19.924919
-20.842269
-26.797015
-17.492575
-16.040891
-14.878665
-24.961019
-15.492282
-21.443974
-22.887231
-28.291244
-20.126651
-18.678500
-32.372083
-23.025389
-21.135115
-16.960843
-20.812770
-16.439062
-25.768188
-21.588637
-13.059460
-14.457234
-21.212469
-17.785511
-15.338428
-15.697080
-16.937696
-26.949894
-22.257297
-25.131259
-28.038997
-22.826379
-25.034966
-15.197134
-13.386510
-31.964180
-18.806916
-27.160307
-21.556361
-21.316901
-13.083304
-19.575430
-17.046879
-20.179230
-21.635982
-15.094660
-16.372185
-18.872207
-30.690599
-29.805197
-15.343140
-18.186314
-20.109100
-17.911651
-22.602122
-23.217734
-18.060659
-22.944038
-22.192808
-17.127805
-14.848384
-20.225252
-20.041457
-22.902245
-26.162850
-14.106850
-16.545577
-23.063200
-19.837420
-19.238631
-35.984292
-24.121999
-24.590544
-15.480204
-22.119604
-26.222982
-17.287478
-39.814402
-17.607481
-16.119138
-24.848569
-19.082658
-18.832079
-19.497872
-23.439153
-13.068698
-12.652464
-23.307219
-17.155496
-19.295959
-19.346681
-20.452769
-26.436999
-20.430679
-19.696298
-16.780643
-12.518624
-14.920325
-14.327046
-22.839711
-18.898499
-13.645522
-31.511906
-14.680655
-29.770450
-19.037986
-27.040738
-17.132955
-21.459142
-18.534712
-17.482604
-23.332328
-18.656864
-25.294531
-22.904404
-26.832803
-13.554452
-15.008006
-29.488920
-16.733981
-18.136541
-19.375337
-21.014885
-15.163339
-25.750751
-14.009132
-18.367285
-20.939327
-17.858844
-23.171754
-21.062478
-23.331982
-14.798190
-23.505008
-16.759822
-13.862746
-14.655841
-18.292874
-22.559869
-16.136666
-17.867438
-30.692717
-20.922080
-16.193847
-26.738825
-34.888277
-26.662721
-16.887945
-26.787681
-15.933344
-20.055619
-19.070005
-27.306142
-18.092045
-15.833360
-18.236106
-19.235219
-20.116140
-28.868651
-27.024876
-19.432542
-24.992112
-15.136700
-25.759763
-15.656636
-26.320596
-16.334507
-17.568522
-16.981808
-19.644773
-27.012797
-19.525141
-23.644770
-14.846400
-15.979993
-26.356294
-19.757779
-25.540752
-20.424342
-17.302275
-14.918946
-20.406153
-22.924227
-15.200336
-24.604278
-19.719034
-12.608600
-22.608711
-16.328317
-19.104214
-13.115999
-19.383348
-26.852327
-27.116319
-16.370064
-20.091836
-18.694401
-22.944443
-23.054171
-22.028177
-22.463878
-19.035202
-24.544926
-24.739858
-18.463890
-28.743767
-14.818014
-33.652578
-20.698073
-20.896511
-23.409474
-19.678136
-17.844595
-16.759246
-23.811951
-18.982583
-18.677103
-17.388804
-21.476659
-21.396432
-35.609034
-14.822446
-23.087648
-20.368477
-19.272593
-21.666810
-15.573846
-14.940156
-17.872050
-30.873042
-26.571184
-18.763621
-24.308059
-16.862549
-15.449695
-18.624511
-14.157858
-19.407489
-22.253687
-33.670826
-19.788019
-19.811357
-20.330483
-24.418246
-18.988149
-18.552436
-23.360034
-27.870314
-30.477546
-28.942506
-18.642351
-23.082362
-15.146614
-16.565847
-38.476703
-17.014470
-22.169749
-17.657539
-13.042034
-20.983732
-44.239076
-18.912701
-32.590317
-13.758512
-32.173850
-20.027998
-24.488394
-20.520016
-26.265379
-42.423791
-23.404509
-19.954080
-14.815376
-18.859377
-21.113544
-24.884842
-17.972446
-15.986021
-19.336427
-18.965432
-14.946365
-24.316882
-20.241615
-17.213662
-20.002607
-21.585656
-19.638189
-21.595512
-22.766467
-28.272103
-16.764159
-15.895289
-17.867149
-24.440960
-18.273232
-15.885159
-18.209344
-19.192385
-36.546963
-45.544557
-22.171133
-25.187111
-17.475097
-16.847862
-15.466980
-22.565389
-17.298177
-16.756020
-20.127225
-17.490867
-16.326105
-23.039967
-32.562480
-15.840434
-20.115246
-14.243641
-27.564569
-29.841151
-17.718675
-17.986523
-14.768617
-19.499297
-20.629554
-12.413377
-29.801833
-20.154523
-24.631586
-17.028573
-23.542854
-30.528585
-25.788948
-23.397011
-16.680505
-14.597884
-12.942267
-17.125840
-18.266259
-17.660270
-16.927358
-11.968292
-19.214772
-43.318708
-19.070029
-19.723153
-18.059273
-15.375926
-38.025901
-16.595105
-15.620949
-19.632182
-24.129798
-19.306438
-21.041760
-19.913896
-23.650184
-17.476216
